128 380 10000 80 500
0 1 308
2 3 250
4 5 74
4 0 159
4 6 431
4 6 273
4 0 45
7 1 379
8 4 424
9 6 210
0 10 441
5 11 166
12 13 493
14 15 43
16 17 488
18 19 4
20 21 328
22 23 230
17 3 341
24 25 113
26 27 304
26 28 170
29 6 210
6 2 158
24 0 61
24 25 434
25 30 100
27 30 279
31 32 317
26 32 336
24 0 98
28 33 327
34 33 13
29 34 268
29 6 311
7 1 134
0 10 480
35 31 150
20 21 80
22 23 322
36 37 468
38 39 173
40 41 394
42 43 337
2 44 486
5 11 246
45 46 229
12 13 92
47 48 195
47 49 358
47 49 2
47 49 154
50 38 209
50 36 445
13 17 169
8 4 491
8 10 125
4 5 197
4 5 31
9 51 404
52 53 223
52 54 167
52 54 50
55 56 25
55 57 302
55 57 354
3 2 478
14 15 409
58 59 229
60 58 434
59 61 299
54 62 482
53 62 136
49 63 14
49 63 366
49 63 315
10 7 64
10 7 37
11 10 426
47 38 170
47 38 116
47 38 95
19 26 130
26 28 2
64 35 18
16 65 196
29 65 106
29 35 405
40 45 452
40 45 299
40 66 189
67 66 124
40 68 6
67 68 383
63 69 253
42 70 67
42 71 217
42 72 338
73 45 439
48 73 145
63 74 2
75 42 398
12 76 372
45 52 329
13 44 138
17 44 359
4 51 178
52 59 398
57 42 295
12 77 405
78 55 110
79 78 232
17 35 246
9 2 176
9 80 136
80 35 299
15 35 143
60 59 400
36 59 469
36 59 413
52 59 261
47 59 58
73 45 95
48 73 9
61 53 396
61 48 469
48 81 114
75 82 31
83 82 7
83 7 463
75 67 443
46 48 366
46 54 83
84 54 353
84 55 268
85 55 322
79 85 196
20 79 213
18 20 172
40 70 402
40 71 91
40 72 332
40 86 239
26 64 58
40 69 117
42 86 291
40 74 141
42 76 180
57 42 336
47 59 7
56 87 473
62 87 99
42 77 96
88 55 320
88 54 455
17 3 224
52 59 290
45 47 261
48 81 406
75 67 127
18 89 124
14 89 7
14 12 314
12 90 271
11 90 239
6 0 95
6 29 221
6 2 345
6 5 367
6 91 35
6 1 227
6 0 395
6 29 364
0 24 239
0 5 345
0 1 91
5 92 51
5 2 160
5 2 124
2 3 448
2 44 386
2 44 218
29 24 273
29 93 40
29 24 248
29 34 386
29 31 497
29 24 386
91 31 124
31 15 421
31 15 145
31 13 469
31 17 236
31 94 416
31 94 126
24 34 35
24 34 43
24 25 12
93 17 180
17 13 153
17 3 245
17 13 296
17 44 319
34 95 397
34 25 193
34 25 316
25 95 492
92 13 34
13 15 170
13 15 398
13 44 54
13 3 48
3 44 326
15 96 211
15 96 163
96 19 212
96 19 309
19 21 378
19 26 262
19 21 126
19 26 336
19 21 369
19 21 496
21 23 277
21 23 268
21 23 440
23 26 375
23 26 332
26 28 57
26 94 302
26 94 373
26 27 61
27 95 95
27 28 485
27 28 256
28 95 290
50 39 408
50 39 16
50 39 194
50 37 270
50 37 181
50 37 456
50 37 356
50 39 7
37 61 464
37 97 3
37 61 177
37 46 109
37 98 250
37 39 332
37 39 345
37 61 139
39 98 309
39 97 498
39 48 152
39 48 350
39 49 204
39 49 232
61 53 32
61 53 15
61 53 420
53 46 276
53 46 10
53 62 181
53 62 430
62 99 224
62 46 55
62 100 261
62 46 238
56 57 46
56 101 318
56 57 26
56 57 201
56 99 257
56 100 65
56 102 98
79 14 149
79 20 205
79 102 51
79 101 151
79 20 477
20 18 413
20 22 55
22 18 298
48 46 5
48 49 382
48 49 249
49 63 66
49 63 379
49 63 200
63 103 210
63 104 130
41 105 54
41 106 484
41 46 448
41 104 108
41 46 274
41 46 323
41 103 306
41 107 177
43 108 54
43 106 225
43 109 131
43 57 367
43 57 401
43 57 445
43 75 371
43 75 286
43 75 17
43 14 399
43 107 156
43 14 134
14 12 58
14 110 77
46 111 179
67 75 267
67 105 358
75 112 212
75 113 379
75 114 115
57 115 320
57 111 238
83 112 134
83 16 92
83 7 221
83 113 263
83 114 134
83 7 198
83 7 32
7 9 89
7 10 90
7 9 374
18 110 378
18 115 305
12 116 359
12 117 201
12 16 255
12 16 461
12 108 416
12 109 448
12 118 481
11 10 231
11 117 456
11 8 47
11 9 108
11 118 239
16 116 1
9 10 427
9 8 36
10 8 358
50 47 114
47 119 115
119 120 94
119 120 361
120 49 355
120 63 419
59 121 358
59 121 86
54 122 230
122 123 16
52 122 64
122 123 103
50 60 418
60 45 144
45 57 420
124 13 468
124 17 248
124 125 270
125 13 396
125 17 304
125 126 474
126 3 104
126 44 249
126 127 386
126 127 159
127 2 460
127 2 407
123 55 431
19 57 325
26 19 133
109 51
113 16
110 127
32 107
12 8
5 42
107 116
22 62
124 71
8 78
13 78
9 35
102 103
23 18
40 35
50 59
77 110
50 27
62 21
56 12
84 30
112 19
8 8
22 31
116 87
47 97
5 8
2 106
65 29
88 49
28 23
4 53
72 78
108 91
57 63
106 10
74 17
57 29
112 6
107 80
11 13
110 80
31 87
107 27
78 9
33 125
116 18
75 70
5 45
124 7
119 62
89 1
109 13
126 4
8 84
74 24
88 4
92 51
40 59
10 117
43 8
27 95
80 15
45 53
16 16
102 61
27 102
79 11
90 45
63 51
75 107
98 28
14 51
108 41
89 85
63 20
76 8
105 87
126 80
81 101
101 96
7 81
9 51
64 24
5 0
71 61
60 46
104 26
59 104
56 103
122 10
51 72
126 22
14 73
63 1
90 54
113 6
12 37
82 71
8 122
76 12
119 11
112 81
35 20
40 84
21 99
101 22
79 64
6 27
61 115
127 83
93 59
89 28
91 93
37 17
110 49
88 97
118 49
78 14
103 82
80 57
87 112
79 108
7 3
75 115
40 84
5 8
54 11
39 71
69 120
5 65
99 79
55 58
94 95
20 127
103 29
31 107
92 61
33 22
82 90
119 16
56 109
118 121
9 108
41 25
11 38
87 53
12 80
106 5
79 100
79 65
41 72
58 13
13 84
75 114
118 51
93 64
117 67
24 4
103 22
96 56
98 111
111 18
55 78
91 97
91 64
6 119
110 90
63 61
5 119
63 127
8 104
75 27
95 58
76 19
9 113
96 97
42 19
56 33
123 98
39 88
82 59
102 42
4 10
20 13
65 55
83 56
105 78
105 69
21 10
36 36
14 111
119 25
110 66
75 38
1 77
92 96
107 80
39 52
54 88
64 102
4 102
86 85
111 109
115 21
117 17
9 86
8 21
93 57
101 120
87 125
83 54
108 9
102 22
39 115
57 66
31 103
4 78
83 110
116 100
4 58
12 108
90 72
85 71
28 51
37 74
72 43
104 3
101 79
81 117
119 31
68 68
55 102
42 16
1 110
122 62
60 12
121 23
84 8
124 123
10 39
47 93
68 21
120 32
44 90
113 111
106 38
45 30
93 18
49 98
26 15
47 91
33 6
67 9
79 74
19 123
79 42
101 87
50 116
33 77
54 76
6 115
8 91
36 19
14 24
50 123
49 10
111 6
65 1
98 24
82 48
98 43
72 23
58 23
48 35
72 64
76 92
58 30
75 116
47 114
55 43
56 31
118 24
101 72
112 99
71 11
19 28
69 39
65 27
60 68
24 66
107 122
76 61
7 10
67 52
51 77
18 11
110 5
55 45
45 79
64 50
59 23
60 52
118 62
27 25
1 118
98 31
20 23
48 5
79 14
25 29
24 110
120 127
58 8
26 2
56 23
25 3
40 104
111 105
97 14
121 36
26 7
52 68
72 80
31 25
40 39
6 112
119 72
122 64
28 64
32 46
8 109
113 87
35 3
126 71
33 94
112 86
96 21
18 12
91 120
109 27
21 86
12 99
61 91
34 119
11 102
109 78
114 82
24 120
84 1
95 116
26 77
109 74
125 74
106 52
61 120
98 29
126 68
15 82
111 29
89 84
74 4
35 53
59 4
105 16
48 86
104 64
3 122
19 16
115 123
56 45
103 25
90 65
100 101
88 17
17 101
71 107
75 106
22 48
2 105
3 54
52 33
34 76
84 118
1 56
92 112
39 18
64 75
70 113
84 23
12 76
0 98
22 12
105 32
76 15
32 123
31 16
105 9
13 22
1 25
19 109
91 14
104 40
94 122
54 119
9 86
1 125
32 100
31 87
62 111
93 36
64 89
126 103
7 21
57 112
100 99
44 75
102 119
47 112
51 86
81 115
121 9
69 105
64 57
101 26
99 51
72 64
55 78
48 83
89 92
39 28
13 58
66 10
16 101
2 13
48 43
91 123
97 8
40 114
17 123
30 52
97 110
80 62
47 95
85 12
0 88
99 8
65 32
94 107
11 126
16 4
41 51
106 9
106 69
86 36
103 19
114 76
24 95
55 91
45 32
73 114
109 79
111 123
108 114
32 19
11 83
60 84
66 90
70 26
25 85
47 115
63 47
19 93
22 70
75 115
104 3
124 87
80 61
62 121
60 47
2 66
127 65
94 66
101 26
68 49
17 87
78 120
8 80
3 70
29 120
73 83
84 20
0 70
4 23
7 78
76 15
61 0
58 121
2 45
53 66
115 61
15 35
49 110
82 38
90 51
98 3
89 26
108 23
26 86
91 80
80 116
0 35
92 59
69 96
42 40
111 93
85 82
91 122
37 78
88 74
6 125
61 75
76 91
86 85
27 45
0 37
92 55
47 0
109 127
60 83
51 33
48 6
64 7
47 58
78 15
121 99
5 23
122 13
120 15
82 118
111 58
40 69
124 66
11 125
84 35
74 39
96 78
0 68
95 30
31 58
88 104
49 89
69 39
29 42
68 89
47 67
23 2
119 104
51 81
82 22
12 9
69 78
37 84
114 73
58 97
64 64
98 37
97 45
114 53
80 16
11 9
126 24
99 3
80 99
58 21
73 45
83 78
24 97
59 10
20 120
49 123
88 40
79 15
41 26
0 39
16 25
64 93
122 57
79 124
30 2
124 111
7 6
7 94
91 20
21 76
6 113
115 33
38 83
74 111
23 2
126 13
14 50
32 127
91 69
5 118
71 9
46 33
41 67
124 64
125 18
79 43
89 57
102 24
104 34
46 123
3 107
72 58
94 25
10 93
119 14
106 107
94 123
59 17
102 75
33 15
100 69
107 6
15 80
122 71
119 55
30 125
1 46
108 48
19 39
118 121
38 18
9 104
3 16
26 74
122 94
54 112
75 125
121 101
6 78
4 77
87 3
6 92
25 4
41 5
11 7
114 91
63 81
9 37
81 21
69 124
56 40
19 43
104 20
115 70
122 125
119 97
33 81
111 68
43 72
20 50
14 111
95 31
81 9
51 53
44 16
0 86
55 95
77 62
61 95
105 76
109 106
48 10
39 44
78 102
19 31
80 100
101 53
109 89
119 40
88 116
19 13
62 97
61 91
25 31
46 3
44 49
105 55
93 2
122 78
41 102
14 37
51 11
103 35
95 101
118 26
83 126
28 111
67 62
21 50
76 36
115 5
119 40
2 98
66 123
18 54
22 62
73 82
96 120
95 69
42 54
48 60
52 41
88 116
32 69
105 58
115 57
109 11
127 73
1 115
72 58
93 80
71 62
72 116
114 89
69 120
37 92
92 100
114 124
118 95
49 14
41 127
115 114
33 58
62 45
93 86
40 114
10 34
59 25
13 5
43 113
56 46
71 45
62 91
110 74
46 38
39 27
53 45
27 6
6 60
119 39
55 113
66 98
110 80
60 71
2 76
41 116
123 26
76 84
31 115
29 126
26 110
95 74
107 36
19 88
66 36
65 86
122 102
109 53
32 16
13 33
33 92
58 96
60 119
12 124
95 36
61 69
49 10
49 21
19 113
111 23
14 72
65 109
71 67
89 41
49 93
6 116
73 111
92 67
80 79
5 22
84 88
113 74
74 5
21 30
103 100
27 25
46 103
56 124
60 39
99 97
39 111
32 0
46 125
59 49
42 48
27 79
81 106
61 92
102 78
98 72
72 57
82 94
113 111
36 2
109 111
8 62
67 34
15 11
43 71
27 118
77 7
26 36
39 56
115 68
127 88
17 46
43 57
107 38
38 51
112 20
82 121
53 8
100 10
93 31
15 82
80 11
39 68
60 75
57 49
45 75
38 125
35 79
40 96
4 5
64 92
33 5
89 23
104 118
78 111
54 93
66 109
53 41
54 81
79 77
106 52
48 88
69 13
31 117
19 2
24 121
28 54
31 0
103 43
39 26
41 23
118 123
84 29
109 8
18 13
84 10
39 93
82 102
5 37
47 112
5 14
5 86
30 22
28 122
107 46
8 31
44 5
107 31
120 65
44 74
78 67
88 78
61 108
51 122
11 54
39 27
10 34
103 17
75 35
114 47
80 116
72 107
29 104
49 116
37 40
20 25
109 11
110 2
50 62
84 83
61 81
24 7
24 50
64 113
73 13
19 96
114 90
105 119
83 62
118 76
63 23
90 87
89 31
60 12
41 106
43 9
86 82
10 108
113 8
70 54
55 126
2 47
90 84
124 86
77 78
68 46
79 124
66 63
66 38
126 38
54 83
95 41
78 27
98 12
78 88
126 121
75 16
11 54
87 76
15 98
117 57
89 115
95 55
48 99
90 51
79 71
105 87
25 118
110 107
60 29
71 85
30 91
38 40
77 50
85 97
80 103
11 62
22 17
11 57
93 37
127 114
79 62
70 126
62 18
82 51
29 67
115 105
44 15
112 68
99 29
57 29
11 44
63 61
87 32
27 52
47 23
61 24
117 16
4 20
116 54
7 121
28 125
120 92
110 127
33 82
32 121
93 12
53 28
77 67
105 30
54 47
70 99
27 110
71 59
73 75
84 88
41 113
99 34
114 65
36 14
52 79
93 58
12 126
14 57
73 112
48 1
10 75
20 21
15 5
104 6
39 120
104 49
116 46
38 11
5 96
84 87
37 104
64 54
19 23
95 23
80 71
4 9
18 106
109 118
28 55
61 65
94 60
60 71
95 127
105 109
29 48
114 123
95 110
72 88
22 29
35 102
81 53
46 70
57 61
93 67
87 111
73 55
109 97
101 78
37 56
99 69
29 56
12 37
25 72
8 95
2 24
120 85
56 2
120 110
34 22
38 98
45 123
31 35
17 57
14 7
117 57
97 0
32 3
18 99
70 83
36 16
67 50
73 43
56 12
127 125
112 16
84 71
29 57
55 72
93 33
96 57
55 9
15 112
41 99
104 124
125 95
53 54
89 56
33 42
118 127
103 109
103 6
59 65
87 97
49 29
69 16
89 84
99 9
119 25
112 50
52 99
56 106
44 72
77 25
76 36
12 44
92 17
26 123
15 87
75 93
10 94
91 8
71 109
7 81
61 91
127 94
116 16
112 121
71 59
32 2
121 14
100 113
40 29
109 113
127 71
54 119
39 67
97 41
69 55
122 2
5 63
93 75
105 48
75 46
80 80
112 18
71 3
108 37
12 25
14 98
115 48
117 64
89 44
63 115
34 96
82 110
106 30
45 36
115 68
108 70
13 68
17 48
113 1
64 88
104 73
101 33
22 75
51 118
37 127
115 71
66 97
56 84
1 73
3 26
18 87
104 75
7 85
13 40
8 31
36 108
61 12
119 51
71 69
54 65
7 98
69 30
17 27
8 62
72 70
25 79
92 60
98 80
127 22
6 16
55 49
52 65
77 66
100 39
91 89
47 92
116 33
48 13
35 36
15 111
39 3
57 59
60 22
54 42
70 78
93 68
42 55
45 113
5 45
8 38
124 20
45 10
26 30
111 86
5 40
48 96
56 22
21 127
69 24
126 41
74 43
33 114
7 89
118 88
3 106
126 37
47 26
63 19
96 67
49 123
16 77
22 51
12 16
2 88
10 109
111 35
56 9
61 126
3 72
119 81
91 80
68 97
40 29
85 12
3 6
97 126
68 82
51 21
72 107
38 11
118 4
15 117
122 86
115 127
8 11
56 7
29 121
82 0
92 30
125 38
33 61
85 51
20 52
50 88
53 126
83 102
108 125
55 124
26 90
125 52
55 71
88 124
37 70
104 19
17 43
119 49
14 17
72 76
69 119
109 103
115 19
84 111
98 23
111 84
39 12
29 104
101 57
43 101
106 5
120 125
99 98
14 29
31 8
79 43
51 108
18 8
55 74
22 67
62 99
47 85
122 7
8 34
9 106
70 41
57 123
100 46
51 77
40 76
10 100
50 57
19 88
20 19
29 67
110 65
65 31
95 41
14 99
82 122
119 95
32 21
28 32
67 8
124 56
22 83
52 120
48 43
83 44
16 125
29 36
50 40
57 23
22 60
10 92
104 125
7 4
119 102
103 66
80 78
61 120
85 95
34 54
16 91
88 76
8 71
117 0
94 80
105 21
7 55
16 62
47 53
82 93
53 125
104 77
108 2
59 122
117 48
11 43
0 19
9 16
17 95
48 19
38 113
122 99
111 9
30 73
74 65
120 102
103 45
103 97
81 20
7 25
30 86
50 29
25 6
0 56
82 40
108 53
1 75
113 51
35 4
123 33
82 65
10 2
102 122
51 47
38 12
85 91
0 97
59 66
84 100
71 86
18 2
58 58
6 7
44 111
87 99
1 81
36 90
105 24
51 8
84 40
11 107
29 19
126 72
4 59
100 63
7 73
23 117
111 70
107 127
2 122
93 62
83 75
60 48
73 1
36 27
5 121
127 26
42 115
47 41
88 90
15 0
120 101
82 93
95 1
78 11
6 103
16 61
39 50
127 82
70 115
107 25
92 77
68 109
77 76
119 105
6 72
112 2
50 115
114 54
69 2
36 9
48 76
63 45
74 107
63 124
86 11
30 31
27 123
24 63
8 99
84 13
35 42
27 116
63 6
18 39
84 110
12 117
26 6
106 29
11 98
115 98
115 80
112 53
110 32
56 1
33 95
59 108
44 44
30 48
44 30
55 79
15 55
26 28
38 123
100 82
98 70
33 57
102 112
58 71
66 66
17 81
51 15
24 4
120 20
92 82
91 55
119 7
36 26
84 73
24 18
81 111
107 7
24 94
114 89
24 58
77 103
119 14
80 33
41 35
57 111
51 70
52 12
49 105
37 47
33 44
125 114
122 66
124 112
66 36
52 54
98 26
47 78
6 67
72 56
122 81
99 27
91 11
4 57
94 14
84 46
73 10
102 38
40 66
121 113
115 104
84 12
17 22
36 26
80 59
5 86
63 41
118 20
19 84
35 121
22 104
97 102
82 108
120 16
99 79
43 65
65 71
44 116
86 121
72 91
46 98
44 75
28 46
99 108
105 127
26 77
117 110
113 115
15 120
54 127
8 8
29 116
72 64
95 89
110 49
35 34
116 104
80 122
56 123
2 2
74 50
97 59
19 51
99 91
113 87
103 107
5 63
101 28
89 82
84 77
82 61
40 58
115 39
107 22
35 70
10 66
91 97
41 91
47 19
110 97
58 113
59 55
123 92
87 90
76 12
98 16
33 95
17 1
20 114
52 37
0 103
86 74
25 43
85 6
48 100
36 23
113 2
21 44
99 31
40 109
77 110
14 30
31 123
13 78
71 5
105 79
79 127
52 60
95 61
24 112
111 0
32 106
54 57
109 86
55 111
104 27
0 48
71 40
11 45
31 91
27 63
48 113
73 98
21 61
36 123
19 19
112 25
28 68
64 114
24 97
61 4
76 38
17 64
67 53
51 41
25 59
92 81
91 109
20 54
49 125
98 65
120 7
123 1
62 105
13 77
94 112
70 54
102 35
4 120
40 64
57 60
123 105
23 24
71 51
99 15
101 29
72 16
83 44
31 76
1 73
75 109
86 41
21 2
42 99
98 25
38 88
99 23
107 22
106 96
65 21
25 62
59 24
14 110
108 6
88 36
105 110
109 88
66 47
86 123
121 78
120 17
48 30
41 120
84 10
39 22
47 53
18 117
112 21
58 72
110 41
109 41
47 111
89 46
30 53
19 112
13 52
105 17
125 127
15 31
109 21
40 34
20 90
12 63
105 83
55 79
78 59
59 105
11 46
83 81
115 127
41 115
26 63
1 69
113 83
86 54
4 17
119 17
68 26
108 43
28 5
91 110
96 34
104 50
125 92
109 104
115 54
75 5
95 95
66 40
37 25
89 26
46 13
26 77
106 57
112 76
78 62
30 13
113 43
51 51
32 120
59 93
74 85
11 106
73 63
124 106
77 125
4 32
79 32
4 85
80 89
96 124
29 11
58 78
100 52
40 68
97 51
121 104
90 99
100 100
9 80
94 2
90 74
35 55
68 116
25 67
127 37
61 15
38 62
40 96
74 70
109 35
67 92
95 63
63 51
59 34
126 21
115 40
74 104
49 49
61 101
52 71
9 21
79 56
114 59
83 28
37 53
110 4
100 12
106 75
48 66
88 108
108 100
57 37
48 125
37 2
25 71
16 67
120 56
87 61
102 58
83 120
67 20
67 84
121 26
76 73
70 114
89 0
71 62
21 16
10 80
122 63
40 92
32 27
30 87
29 0
16 84
68 78
123 78
39 39
7 5
113 85
86 112
89 103
60 44
61 11
49 123
122 72
54 83
36 45
56 80
51 99
95 91
13 60
64 53
4 53
115 96
13 39
52 8
97 75
124 94
41 87
49 52
116 6
16 117
98 9
110 11
37 74
107 120
103 48
118 79
71 116
112 39
36 125
118 24
19 1
59 125
69 9
15 111
56 28
123 62
8 53
111 11
116 43
32 29
118 41
25 0
83 90
83 43
31 24
15 127
95 46
19 70
72 11
29 28
56 32
49 24
55 110
28 22
80 93
28 57
11 97
76 78
83 82
86 101
5 65
127 85
10 126
32 67
77 127
85 105
75 94
92 24
59 38
62 63
34 23
39 74
80 34
111 1
53 95
35 45
1 36
72 105
49 55
35 72
105 67
32 107
23 22
115 0
127 49
84 119
7 44
106 65
19 40
32 84
0 102
55 112
44 0
43 125
68 16
6 13
58 111
10 114
120 4
22 21
34 67
81 93
6 96
20 111
117 42
88 105
98 113
50 17
102 89
125 16
21 103
121 88
79 24
87 93
3 5
99 108
88 87
75 20
79 87
5 118
80 38
126 12
27 3
23 30
94 21
12 44
67 11
2 126
104 78
15 44
87 83
88 81
103 36
99 91
82 29
107 109
25 95
76 52
52 85
34 32
5 127
2 71
80 37
122 39
88 38
79 64
85 103
53 102
53 53
14 30
94 86
89 37
66 78
95 42
18 1
95 83
67 109
51 82
5 8
123 118
53 17
64 36
3 9
20 6
103 5
126 79
58 100
100 84
67 123
56 109
34 113
127 3
11 53
73 43
69 61
39 15
76 125
34 61
57 31
55 100
113 50
83 9
51 100
2 60
127 36
53 110
10 78
12 47
105 36
48 102
67 14
81 55
76 123
61 19
4 37
32 60
54 72
1 37
48 44
13 31
20 20
95 108
12 66
42 9
40 45
0 20
84 54
86 0
81 119
92 1
54 67
1 50
35 16
105 77
82 59
14 39
66 79
53 38
92 9
46 40
41 115
8 47
15 84
64 39
73 77
114 77
25 125
73 65
79 72
57 103
7 8
56 122
35 100
82 72
103 75
105 33
87 22
118 38
73 40
80 103
57 64
34 114
122 56
58 108
14 57
1 127
124 107
84 49
27 61
59 75
51 115
67 91
45 125
54 122
35 79
71 28
30 95
65 30
59 67
89 31
72 103
54 46
23 118
48 96
57 118
39 41
67 8
66 90
76 80
58 36
106 72
34 111
66 32
52 56
82 95
39 78
39 47
33 40
100 126
105 8
65 66
16 124
45 12
34 15
77 119
1 24
42 90
102 7
12 43
8 8
57 38
118 122
95 112
42 86
121 93
9 33
123 43
1 55
85 45
55 46
63 24
42 39
51 62
1 113
59 7
89 118
123 78
126 49
27 42
39 73
125 52
21 66
126 99
14 36
117 27
118 97
99 97
56 59
112 18
9 22
125 71
83 59
124 107
101 4
77 99
29 90
99 13
74 10
24 101
91 26
22 112
88 62
71 57
24 69
72 52
105 22
106 69
40 2
31 102
63 0
0 12
122 94
22 20
51 43
36 76
11 12
66 32
76 21
92 109
5 6
45 58
90 122
1 31
43 27
30 44
110 6
99 28
70 57
17 7
50 66
38 70
36 42
48 77
122 29
102 49
4 126
107 24
29 84
33 82
106 121
89 64
52 79
60 45
79 0
15 124
91 41
22 77
9 57
52 65
54 104
120 85
91 48
1 17
61 90
95 89
1 4
16 14
112 83
126 99
121 107
23 37
14 100
75 118
36 124
35 76
91 43
43 65
104 101
21 93
111 30
37 4
70 127
66 56
115 32
111 109
56 96
20 4
3 115
73 15
17 20
46 116
90 91
37 49
41 118
64 57
39 106
33 89
19 124
8 31
55 93
23 125
87 15
61 116
19 127
105 30
93 54
112 17
115 99
59 92
110 30
90 51
47 66
35 13
42 76
126 76
114 28
123 83
90 109
64 6
14 85
57 71
57 87
65 108
22 44
107 63
104 46
77 61
99 75
122 108
121 31
97 10
35 105
26 103
55 124
111 93
10 86
80 3
30 1
28 21
3 81
62 120
25 105
31 92
104 10
28 54
18 68
70 56
67 68
55 88
23 11
58 120
11 20
25 108
48 56
40 93
98 52
101 69
78 61
78 33
85 91
113 75
18 99
71 83
90 86
69 61
37 55
24 92
84 85
5 33
10 55
92 88
87 122
84 66
47 80
74 76
101 16
90 11
57 59
43 73
96 107
21 5
60 10
116 43
71 53
5 74
101 4
23 18
59 17
49 45
34 84
120 15
115 62
119 5
72 80
105 33
23 96
25 3
55 32
55 114
111 110
16 4
21 74
8 15
94 11
7 27
83 26
61 13
55 32
38 57
73 34
49 65
29 22
104 25
26 90
39 49
91 48
124 4
97 5
66 105
120 112
6 27
14 95
92 102
99 92
95 111
79 97
65 73
64 81
69 115
80 57
49 20
50 99
80 74
42 37
44 77
31 51
46 117
2 100
7 101
103 94
6 39
80 78
123 11
81 32
89 80
43 105
72 108
126 20
56 2
76 85
15 126
30 47
80 58
97 92
110 127
110 23
98 99
50 107
88 122
108 14
10 60
117 28
53 29
94 85
79 7
23 16
113 74
54 6
109 6
7 115
110 25
34 71
78 33
64 54
127 70
16 66
82 45
120 57
35 6
57 68
17 20
37 80
123 75
92 21
45 0
9 45
73 6
36 44
67 29
112 6
59 84
0 50
102 97
53 71
26 62
101 74
125 13
67 54
5 117
112 72
32 49
4 63
59 84
61 67
105 25
104 38
120 68
53 88
60 10
19 126
49 25
86 98
75 97
0 60
29 127
113 117
127 112
56 82
116 39
37 81
29 113
49 54
68 53
62 115
17 10
114 12
108 90
51 25
28 31
17 62
78 28
106 60
103 47
102 124
125 56
100 16
90 75
56 22
83 74
55 4
3 44
30 50
8 30
8 26
71 57
60 122
15 64
22 105
112 90
61 46
36 56
33 59
104 67
86 74
113 25
27 2
24 72
3 106
110 26
55 15
121 85
49 120
58 30
26 101
111 69
68 41
3 25
58 8
4 71
101 29
39 67
40 116
104 90
42 74
91 48
73 80
34 25
95 23
68 46
20 78
100 122
21 52
68 23
31 15
125 74
27 107
65 6
92 90
4 93
90 122
56 71
123 43
57 57
70 29
15 49
121 29
93 99
13 52
55 98
71 61
92 77
77 122
47 76
45 101
9 91
29 9
88 40
91 86
57 7
95 103
92 51
47 56
62 12
51 15
83 99
20 99
18 117
29 50
20 24
67 73
113 30
8 120
119 21
111 118
77 127
2 64
91 127
110 48
124 119
7 31
13 68
17 1
69 47
123 21
62 22
79 114
58 112
104 66
63 9
26 105
72 127
120 98
69 13
49 36
70 74
98 94
66 124
103 37
50 123
45 117
16 2
98 74
91 38
42 20
127 103
42 6
110 90
98 56
121 3
87 87
14 45
71 116
24 61
93 32
79 118
72 64
85 63
10 64
9 95
42 62
64 114
63 97
38 68
24 20
99 68
121 37
88 76
26 56
97 49
33 67
94 121
22 91
96 111
17 109
31 13
99 35
101 115
101 7
81 39
38 24
83 88
40 106
105 35
51 50
85 24
64 106
108 122
24 125
29 8
29 123
47 64
42 22
94 66
69 18
58 88
48 119
65 75
1 76
115 100
18 79
11 99
99 58
65 93
42 81
48 51
104 45
47 40
62 74
23 115
124 111
36 104
82 63
115 5
78 52
44 2
93 70
122 53
85 112
1 18
37 66
104 110
15 65
42 32
28 20
61 21
87 42
29 14
50 100
72 21
96 110
41 81
36 71
1 81
17 23
3 5
89 4
110 63
49 126
19 33
56 11
1 89
39 108
116 20
65 98
65 71
122 60
62 127
45 85
105 27
38 82
64 115
104 29
45 94
103 14
62 123
114 17
92 80
46 79
13 38
109 28
119 3
71 96
42 120
100 74
32 39
6 72
22 23
120 86
21 90
88 52
23 65
15 20
122 60
105 28
6 40
32 99
93 3
110 76
126 114
119 81
36 34
12 121
87 56
16 113
21 93
2 25
124 126
76 4
127 24
49 95
109 64
55 60
7 83
31 84
109 55
7 45
92 20
89 54
42 43
8 14
55 72
103 54
38 47
122 40
68 50
72 6
76 56
47 118
48 2
90 90
102 102
84 84
43 15
28 88
36 5
111 56
17 71
49 15
63 95
69 111
10 98
126 29
81 109
106 74
47 63
37 67
62 4
82 115
85 95
59 19
4 17
52 108
3 62
90 119
112 100
30 91
45 85
0 89
51 105
76 84
13 36
37 11
90 50
62 94
28 21
44 3
55 31
49 107
17 50
22 90
125 53
123 82
96 78
31 5
39 41
112 28
96 11
1 103
89 9
103 24
51 99
24 38
50 59
94 29
98 57
45 66
84 44
62 4
3 22
36 75
45 31
76 43
47 84
58 111
75 75
16 127
54 126
34 82
97 45
20 62
114 59
14 88
98 29
105 16
117 100
89 89
59 99
90 37
21 109
125 20
93 71
47 95
74 123
46 36
18 72
20 18
82 63
78 13
65 116
53 124
19 60
22 45
111 102
108 15
39 34
28 117
104 100
120 64
119 39
32 104
89 44
85 5
9 117
64 2
93 65
122 107
109 4
94 112
34 69
94 1
35 124
122 75
6 70
8 28
109 115
71 80
23 55
90 80
56 10
56 13
108 59
119 101
90 19
33 126
47 67
72 34
48 113
87 48
96 14
28 81
89 76
112 85
39 43
37 115
2 110
19 56
18 87
66 15
85 30
93 6
78 33
119 127
114 51
9 122
51 27
31 126
72 79
103 54
95 112
66 41
51 53
107 39
31 22
110 113
35 14
66 68
65 26
36 31
87 54
1 20
33 122
5 95
82 59
69 25
37 101
83 114
46 75
32 113
34 84
54 41
116 5
46 127
119 89
115 28
43 20
121 4
75 19
33 27
6 110
80 63
84 12
3 40
112 124
75 72
44 75
30 19
28 3
22 40
106 97
52 94
38 3
1 87
21 104
55 8
43 16
17 29
85 30
109 32
42 37
34 109
64 78
104 111
58 78
97 84
59 22
56 79
99 104
23 6
37 13
45 61
59 115
118 42
36 108
110 1
86 112
105 35
2 13
57 36
21 115
64 30
110 39
25 102
113 63
104 108
68 21
101 102
43 16
67 43
42 117
38 91
44 93
127 71
126 34
30 58
62 112
79 127
79 112
47 63
18 55
120 96
105 58
114 49
101 92
37 50
99 82
80 32
7 28
66 41
83 27
26 29
62 89
30 121
43 81
12 106
51 89
94 96
127 82
84 117
46 120
96 74
46 12
45 59
38 43
105 1
42 110
65 118
70 75
96 25
7 114
51 9
120 50
74 1
97 84
70 4
41 69
58 120
125 84
8 5
56 9
78 123
50 68
107 117
124 38
125 4
64 32
112 0
96 66
49 29
75 101
125 36
102 38
99 91
61 27
22 118
7 107
36 87
59 60
31 9
111 11
111 105
36 120
42 48
31 68
91 12
47 63
25 29
37 90
112 99
50 60
59 14
118 109
41 63
77 81
35 111
118 92
60 44
92 50
93 12
87 19
23 47
118 99
80 26
56 62
4 119
16 81
119 124
25 99
40 64
34 109
108 85
32 99
69 72
47 81
82 49
107 84
117 59
67 42
38 40
6 72
69 21
91 111
55 95
95 63
25 59
14 115
8 28
88 38
89 106
2 93
31 30
54 4
109 108
59 5
114 109
75 2
107 49
40 34
39 26
109 88
74 2
31 9
104 92
115 88
29 40
39 25
54 104
31 73
118 110
45 41
14 51
21 101
10 3
19 21
126 76
19 51
4 106
68 56
51 84
44 40
106 113
125 22
89 115
22 20
69 123
114 62
2 119
10 69
39 0
91 98
88 57
33 126
81 61
111 16
67 37
118 85
41 62
117 111
71 123
73 30
97 124
126 17
50 58
103 52
13 13
75 105
67 111
49 68
84 2
122 87
118 41
81 65
87 43
57 44
72 65
32 47
12 36
33 74
109 67
107 98
124 87
18 85
49 70
100 120
127 44
37 41
93 71
56 120
98 79
67 67
116 83
112 113
107 116
8 108
6 86
5 101
91 60
127 105
11 6
106 26
38 66
56 50
92 96
110 120
24 67
7 31
66 122
78 69
21 58
123 112
124 119
95 97
96 32
87 117
10 126
25 30
7 47
54 16
65 58
37 3
34 110
93 13
62 65
49 107
82 60
62 5
30 98
22 106
6 20
99 61
24 95
76 70
1 106
55 35
63 48
24 21
23 50
81 105
39 89
54 107
60 10
86 38
47 69
27 10
100 73
60 103
116 7
69 123
71 23
88 47
49 92
1 45
125 120
41 99
79 2
34 81
75 84
118 31
44 100
27 114
75 12
94 73
31 65
16 60
52 73
59 67
84 56
75 87
61 6
96 27
79 69
28 107
2 122
8 116
18 106
123 45
84 7
8 52
22 100
71 109
83 84
95 55
28 73
64 35
8 25
5 23
66 91
58 26
98 52
115 15
8 29
123 21
80 108
55 20
119 117
17 21
84 26
20 24
97 52
118 111
3 19
87 44
62 49
21 94
110 21
78 26
85 33
95 96
2 101
23 45
63 91
21 112
40 78
108 61
100 71
98 41
70 33
1 8
18 31
112 70
127 29
49 23
127 112
95 75
21 54
67 79
107 85
101 7
113 12
101 93
1 65
58 8
102 61
111 66
79 62
43 24
78 17
71 0
24 68
29 75
72 84
94 109
1 114
108 65
47 126
111 56
62 68
4 53
113 127
53 60
103 6
33 23
113 3
27 41
78 4
14 33
106 56
53 83
28 82
44 102
114 4
65 62
110 26
123 18
67 110
70 125
61 72
104 35
108 101
82 27
77 25
123 49
90 113
87 114
68 15
32 13
99 7
119 47
23 29
98 28
103 23
113 61
84 47
30 94
114 97
47 99
101 112
48 117
39 121
93 34
34 53
62 57
121 21
62 44
27 37
16 53
54 6
107 50
73 16
47 103
66 66
94 28
91 59
110 12
55 49
79 36
65 77
8 80
87 107
76 95
40 15
28 86
89 14
61 99
72 83
9 98
31 39
84 8
25 97
124 36
88 104
21 88
121 110
25 40
11 20
73 75
33 8
69 7
63 119
57 55
106 112
53 94
116 11
94 12
1 84
79 46
60 74
126 104
95 96
48 106
39 8
39 46
113 103
121 98
111 1
78 118
39 99
8 22
60 111
76 13
10 46
17 55
8 65
20 23
105 103
81 3
15 83
95 125
126 97
65 54
76 126
99 39
98 15
20 45
26 30
25 15
54 92
35 93
12 110
88 0
79 19
72 58
41 48
14 102
66 28
86 126
60 15
56 5
107 94
19 16
80 44
92 103
4 112
91 43
14 77
118 78
69 36
109 96
61 101
35 100
85 96
71 32
102 118
82 17
0 80
70 33
55 37
100 44
86 76
96 61
34 48
26 77
83 71
45 59
77 27
59 44
106 87
33 68
17 18
88 103
64 12
39 6
65 11
72 20
108 54
122 41
11 38
48 11
3 59
86 123
42 32
124 108
16 96
24 32
6 11
48 48
70 79
116 47
120 119
38 48
46 16
83 63
13 48
88 121
47 69
52 121
42 31
2 119
7 0
73 109
38 42
14 94
60 81
68 64
16 40
69 8
50 42
30 80
60 19
97 20
41 43
61 19
15 71
103 36
94 46
126 127
50 81
68 64
58 72
25 81
79 125
94 109
34 7
38 53
26 46
38 104
122 45
8 40
17 45
28 88
31 102
62 39
121 68
50 97
81 122
117 84
21 106
103 57
112 100
24 38
1 77
86 95
123 113
72 44
26 96
88 100
52 12
4 122
21 84
32 60
57 23
72 29
33 72
90 74
20 100
101 78
80 94
43 25
110 102
64 69
112 48
76 67
36 105
3 56
65 64
66 9
30 0
13 68
90 67
21 60
21 113
19 17
113 30
67 67
41 95
34 12
56 27
3 57
71 27
125 97
11 0
80 13
3 17
59 59
66 94
69 125
17 8
71 40
101 117
108 66
45 95
10 6
51 80
49 126
70 104
124 23
11 57
31 36
104 13
65 123
119 42
11 74
87 44
126 78
22 86
80 99
96 88
39 97
118 53
96 78
108 73
97 38
73 92
23 65
47 55
43 70
105 48
120 18
60 107
116 13
84 120
46 15
104 60
94 11
31 84
63 74
14 123
124 90
20 120
45 109
83 41
39 103
93 93
127 66
99 92
7 121
56 66
84 97
102 100
124 87
47 11
92 2
21 47
114 75
76 70
57 113
33 61
10 57
114 120
30 31
84 59
124 116
50 17
110 93
116 84
80 101
98 125
101 75
102 22
104 7
100 64
100 27
82 106
71 92
37 102
87 104
42 2
10 91
54 55
22 92
95 2
62 102
52 54
118 57
124 3
106 78
14 18
101 28
8 27
10 31
115 44
115 36
12 32
83 42
101 44
100 5
106 31
124 122
21 8
20 7
118 115
40 116
118 34
117 43
115 38
6 110
42 110
105 47
80 93
35 0
33 91
2 40
124 36
119 17
90 36
98 1
73 67
68 29
32 96
107 32
69 28
29 42
19 27
67 69
95 61
24 47
96 18
21 57
54 14
63 16
96 78
27 27
99 29
34 112
66 62
77 63
127 34
72 90
54 32
87 33
111 52
122 106
12 14
45 10
34 90
21 86
63 24
127 87
73 87
65 53
38 36
0 46
122 99
105 100
119 110
88 115
119 49
35 89
79 66
89 65
54 55
46 73
97 27
49 94
31 42
32 53
50 107
36 112
34 104
93 33
14 69
85 75
40 48
89 111
43 29
86 69
96 52
58 123
9 95
118 119
115 115
26 100
30 79
25 125
18 105
46 46
11 35
26 76
112 56
124 119
127 26
57 79
110 48
76 89
112 28
89 125
15 4
110 50
76 39
117 45
37 34
46 74
63 8
59 84
69 114
80 107
3 7
120 97
98 17
64 22
14 96
62 16
58 123
15 10
33 94
86 67
127 77
33 2
83 18
53 31
118 105
105 93
73 46
84 56
118 36
37 10
93 49
56 63
32 115
24 105
19 28
79 20
83 33
5 18
95 91
117 48
56 104
109 26
29 117
120 82
6 99
39 13
75 67
59 123
85 59
127 69
113 18
98 53
127 7
113 70
30 48
28 33
41 7
109 15
16 56
68 21
23 42
1 62
111 97
14 79
54 96
50 82
112 37
0 61
71 5
87 5
24 109
55 114
50 97
32 125
82 61
3 53
45 106
57 53
111 29
24 33
74 11
90 3
17 43
122 97
112 101
8 1
10 118
42 28
99 24
106 119
100 8
60 51
121 32
33 65
45 54
4 7
46 34
121 22
123 16
112 111
43 38
116 127
32 95
65 72
53 31
47 88
33 50
104 29
40 77
68 38
54 92
120 113
103 25
60 42
33 59
60 17
115 86
123 113
126 25
15 83
67 125
43 117
71 8
18 1
87 11
99 21
31 69
2 26
11 28
73 11
11 38
110 120
53 74
24 92
54 13
77 71
74 65
58 122
37 34
22 114
11 109
78 30
121 15
119 73
56 118
0 66
24 81
91 65
3 96
43 74
34 28
57 13
37 84
82 43
83 65
38 108
95 35
109 98
62 51
36 113
39 12
17 103
8 11
116 108
77 98
46 59
115 103
51 105
30 15
119 95
68 80
115 82
72 55
99 102
2 7
88 45
37 64
110 93
4 86
19 0
93 98
14 42
13 59
85 25
124 60
4 18
21 80
82 113
12 67
119 123
35 39
101 79
2 81
57 74
92 98
83 81
69 68
0 86
23 80
0 57
41 8
45 127
19 8
118 47
69 35
62 125
62 101
45 57
65 52
47 49
48 16
8 10
26 17
33 100
96 30
53 87
49 91
96 125
107 12
54 69
120 76
75 5
64 70
111 94
92 85
101 108
9 46
65 93
17 73
32 69
85 19
63 9
1 100
50 65
119 74
23 96
98 19
14 84
83 33
54 117
110 19
115 81
67 14
53 94
126 17
17 21
19 38
29 96
78 4
109 29
52 42
106 62
63 40
38 82
125 100
22 115
116 104
113 113
41 126
117 117
110 102
88 85
119 63
5 95
67 14
93 102
64 122
116 80
87 5
40 6
21 41
57 42
79 14
125 102
60 3
41 71
15 126
115 65
112 110
11 35
81 58
32 78
92 37
36 105
72 102
96 92
12 12
71 93
65 0
76 42
10 81
63 122
45 100
50 21
12 81
22 43
123 50
4 31
90 110
114 99
118 75
69 98
120 20
85 79
126 6
4 105
33 81
32 26
103 58
81 20
54 105
20 68
126 110
122 66
103 77
55 125
60 121
120 81
23 109
82 13
71 19
127 109
85 59
47 125
28 12
67 57
56 69
79 102
104 96
4 83
44 54
97 48
9 59
89 66
113 102
69 8
42 108
14 45
36 56
64 70
4 104
33 77
17 70
45 123
100 4
65 110
14 22
53 64
38 119
53 79
51 109
107 84
118 93
101 19
77 102
62 45
87 13
100 120
49 123
7 23
100 25
36 61
113 60
58 34
86 52
33 104
80 74
118 103
60 124
12 125
108 90
8 68
36 94
106 43
19 49
55 45
40 71
40 102
113 96
45 25
16 42
121 35
79 117
18 78
70 63
58 76
103 112
92 9
50 6
40 116
126 58
117 43
103 86
17 33
8 68
109 68
117 33
51 27
91 71
13 4
125 29
34 124
63 44
124 36
3 26
57 37
60 0
25 107
91 7
125 38
40 76
8 2
6 43
46 106
118 125
85 12
93 119
47 93
8 46
95 21
114 52
8 77
32 97
63 60
31 113
73 34
15 33
39 4
94 97
127 26
14 15
74 72
98 26
63 94
33 59
36 93
20 60
61 82
25 108
49 21
26 30
1 47
122 19
92 15
33 107
7 67
46 78
73 7
105 22
82 85
48 125
58 86
116 28
123 118
45 76
59 74
122 115
66 83
31 63
53 11
40 76
54 43
63 11
88 119
108 54
8 76
84 46
86 8
2 1
50 79
85 79
16 81
84 124
125 106
98 48
16 69
50 49
74 3
36 75
53 122
123 7
105 31
125 3
37 35
106 63
1 60
17 9
27 54
56 22
19 10
126 76
119 7
72 123
80 13
92 46
99 102
9 57
51 40
26 86
110 20
43 79
107 2
108 109
75 104
94 72
111 95
113 89
9 64
3 45
71 27
99 76
4 64
47 39
25 120
88 1
10 68
68 23
84 115
105 15
44 108
25 79
40 78
42 86
11 52
110 107
122 23
19 108
110 12
20 69
56 99
57 117
67 55
55 42
31 8
70 33
110 21
22 19
84 23
122 21
20 85
38 47
92 39
100 42
28 13
15 26
121 54
115 58
22 17
0 118
63 113
53 112
2 31
101 10
94 77
86 66
42 67
18 94
52 111
48 30
20 0
125 10
1 21
79 65
59 18
111 96
101 46
105 74
10 43
49 65
65 109
10 100
41 11
84 67
64 31
93 22
117 69
34 18
35 24
49 46
26 84
12 27
119 5
40 113
120 88
19 68
121 89
41 75
67 97
75 14
105 19
15 6
35 12
126 60
43 111
26 20
95 58
62 87
74 103
58 50
126 122
72 109
53 10
92 10
74 52
32 53
6 2
108 84
4 127
13 127
55 17
46 26
115 91
23 34
89 83
121 30
12 71
24 62
58 79
38 40
44 45
114 103
7 58
88 44
35 20
63 46
98 126
48 27
50 93
17 85
76 95
110 85
46 52
63 92
31 80
107 46
22 114
42 99
105 39
23 124
39 127
120 3
67 28
106 87
76 36
67 62
67 40
127 16
107 26
92 75
72 96
80 24
102 99
55 117
109 96
61 6
109 39
107 57
77 36
14 82
12 45
71 38
58 52
95 120
93 74
66 24
88 102
32 53
89 49
12 104
58 1
16 18
109 120
67 48
110 6
117 54
99 40
113 112
53 89
125 35
58 81
38 4
5 86
28 105
126 52
30 46
95 46
43 84
62 122
41 116
0 38
51 96
42 9
124 74
121 70
21 16
82 93
17 65
9 104
53 47
106 85
34 16
40 55
119 65
7 78
29 62
14 71
114 36
112 102
63 28
109 64
39 28
64 73
83 84
32 91
64 118
122 84
113 70
25 46
118 32
108 58
67 115
55 31
85 32
69 107
58 13
76 53
108 101
37 100
119 38
27 67
119 19
116 80
29 5
68 31
5 95
49 36
21 11
72 53
102 47
37 0
13 89
80 106
25 32
113 121
18 52
99 102
20 46
47 25
63 4
91 18
105 76
83 115
13 111
57 44
108 121
115 127
47 40
18 99
48 98
17 106
13 7
88 58
103 22
88 124
84 30
117 84
10 8
25 43
89 47
82 34
19 95
43 2
95 47
15 3
88 12
5 18
22 85
80 98
77 30
53 107
71 57
83 109
0 100
37 107
46 14
126 45
2 126
2 42
93 126
41 31
41 117
19 15
45 8
104 124
80 6
11 21
105 81
75 31
123 7
56 102
6 108
64 124
73 98
112 115
103 115
16 39
72 42
114 91
52 59
64 6
52 63
5 20
60 70
119 33
76 102
39 14
102 95
43 14
59 87
7 41
111 92
67 63
108 0
104 15
10 19
73 108
94 37
106 121
5 77
8 51
51 49
13 46
68 54
84 42
65 46
85 21
109 74
28 80
84 30
99 109
53 19
55 11
32 43
33 76
85 59
96 121
17 16
72 16
24 64
76 106
69 18
27 117
37 69
57 18
107 67
10 103
120 123
110 72
76 122
105 89
70 43
66 93
50 22
91 75
26 43
120 31
103 120
50 3
113 26
19 26
58 122
125 1
64 124
49 59
80 31
96 12
2 109
101 43
68 124
64 125
64 110
6 77
111 68
82 4
43 53
4 102
34 109
0 42
8 24
107 94
40 70
25 44
0 10
125 52
6 53
105 108
7 72
100 50
55 98
48 35
103 21
55 18
42 84
37 90
122 41
51 78
66 19
51 98
11 123
7 20
103 22
70 97
91 4
8 13
1 19
40 113
39 73
40 114
18 50
56 70
94 47
1 31
72 92
95 119
0 40
61 121
88 92
6 67
34 35
61 54
90 89
127 91
84 125
100 43
112 17
72 39
69 25
9 107
105 77
48 62
86 49
26 0
73 122
83 43
29 65
56 16
121 25
112 121
15 37
93 33
24 125
29 97
116 89
44 69
126 64
102 60
106 6
107 56
127 49
127 34
23 36
30 74
30 89
96 20
35 112
26 79
24 31
115 117
92 24
37 29
41 32
87 37
35 75
50 109
14 67
75 62
1 5
11 17
126 76
13 21
43 10
123 56
35 20
88 26
26 81
91 9
76 79
3 90
63 122
37 3
68 12
56 96
67 58
40 109
85 74
66 80
113 92
25 105
50 44
42 22
103 29
70 80
25 47
61 45
98 8
82 4
53 64
73 97
127 33
25 4
84 69
0 104
24 80
67 74
31 3
6 11
101 110
105 39
100 0
8 26
28 38
28 46
20 120
31 39
62 13
77 116
100 10
24 4
100 91
98 17
34 101
97 84
123 89
60 55
107 93
59 97
14 91
9 2
59 68
95 101
33 86
125 35
124 126
76 5
97 13
57 27
96 115
62 62
115 69
79 127
18 63
35 43
95 126
38 61
80 20
4 42
43 97
12 92
115 102
73 11
89 102
80 38
126 70
75 17
52 44
56 112
106 72
121 61
72 52
72 45
26 15
47 56
67 32
7 115
30 39
101 120
59 28
74 59
107 22
62 21
96 39
91 47
40 41
0 46
7 96
106 103
102 17
6 122
103 80
66 87
36 72
32 97
70 73
51 100
37 55
11 94
13 120
50 68
86 19
76 75
111 43
49 29
85 18
25 82
78 75
67 97
81 95
1 78
127 84
48 65
59 36
81 21
113 116
27 108
108 40
110 4
61 53
87 1
78 62
0 13
4 44
114 37
127 30
76 61
109 122
48 90
102 4
101 78
77 64
18 91
119 84
25 111
0 85
16 72
67 11
32 27
118 53
46 9
88 82
48 21
49 50
110 113
61 87
46 86
124 50
6 34
12 66
113 35
100 93
117 4
80 15
96 78
58 5
28 81
24 103
58 53
105 80
103 29
17 81
59 127
17 3
1 14
82 92
92 119
82 53
13 62
88 39
30 68
21 5
81 92
124 30
65 107
107 1
113 48
114 114
76 102
51 49
125 37
74 120
50 16
50 110
18 5
68 70
60 92
40 53
48 35
17 90
96 115
73 95
61 4
51 127
37 55
32 1
52 55
108 91
122 55
117 114
78 19
26 28
94 92
72 84
119 97
100 21
9 13
1 61
115 72
57 56
83 120
34 59
20 108
55 113
31 47
14 57
47 1
16 44
117 60
56 31
36 70
28 111
31 24
57 57
96 4
6 95
89 1
66 6
111 83
32 59
70 94
80 19
71 76
124 45
99 9
42 51
86 118
97 116
58 116
84 68
74 55
14 6
15 97
39 7
18 54
89 82
90 0
114 46
123 93
52 81
31 4
16 93
49 124
7 16
48 35
105 67
27 25
69 100
74 79
3 17
85 111
17 33
25 85
11 100
44 125
87 43
19 61
3 50
19 16
46 120
127 39
52 68
0 41
86 70
80 107
61 1
90 25
108 11
50 125
108 1
40 48
101 113
32 7
24 5
76 22
107 16
58 36
21 104
79 101
77 77
48 7
125 90
117 125
113 106
17 56
69 66
99 117
18 8
68 23
48 101
24 55
60 36
122 32
38 10
74 81
2 115
112 73
80 66
115 43
120 21
11 125
19 99
69 57
56 93
58 85
93 44
63 19
2 89
55 13
0 32
52 2
124 35
102 48
76 121
68 122
29 119
44 29
45 93
73 8
102 118
16 113
62 54
86 110
85 62
109 114
117 19
111 110
97 38
36 30
75 35
55 111
100 40
34 98
61 52
37 45
51 122
118 43
82 16
123 24
26 50
104 93
77 16
41 20
11 16
83 50
10 16
73 14
95 74
100 37
115 26
98 56
98 124
116 79
75 18
115 70
99 116
22 11
58 18
123 12
66 50
127 58
51 17
118 108
114 6
124 3
66 126
80 100
56 1
82 71
6 100
97 36
108 79
86 70
116 5
65 4
78 78
96 12
6 91
8 57
23 25
99 4
75 107
79 72
52 27
121 94
98 1
34 61
119 32
48 62
8 49
21 16
109 46
105 54
77 68
55 10
2 120
31 6
114 101
25 56
107 7
23 67
104 27
91 33
108 93
68 81
9 49
79 22
72 107
91 87
26 27
7 50
113 27
0 68
22 113
51 86
9 8
71 34
20 32
92 1
110 67
121 49
15 2
111 100
124 29
5 35
84 100
89 74
91 113
47 20
57 42
71 33
20 25
88 122
110 98
101 54
117 39
80 125
96 31
95 53
16 36
89 65
91 51
34 121
90 50
109 74
75 1
68 51
43 92
118 49
3 73
36 71
8 15
35 62
22 90
78 81
66 66
25 23
19 85
53 99
21 125
78 25
119 73
52 101
113 109
63 66
38 57
23 60
66 34
19 87
20 14
104 72
34 67
101 101
33 125
9 62
115 24
59 89
69 44
10 18
90 115
104 119
51 75
85 97
74 27
28 113
85 123
10 103
93 8
117 40
7 79
62 30
0 11
5 31
64 87
41 108
94 64
61 22
21 79
46 43
39 6
35 42
74 126
22 71
102 65
75 77
86 5
53 0
12 39
89 12
33 20
35 12
2 12
32 99
17 94
29 27
49 80
84 109
23 44
7 102
109 76
25 76
126 109
54 123
37 105
81 109
69 9
114 75
31 108
59 23
17 56
107 49
116 34
37 74
11 99
5 49
49 27
73 59
14 108
22 2
16 37
46 38
62 105
74 29
73 78
115 67
86 86
53 70
65 59
127 46
96 112
56 88
98 122
53 6
92 14
65 15
86 60
126 121
58 13
30 117
49 88
87 20
43 113
24 5
40 7
104 8
44 90
62 79
78 125
0 73
3 43
81 117
44 65
118 12
41 80
123 90
19 50
74 16
81 111
65 19
127 41
34 99
79 26
26 108
50 78
73 127
97 94
23 12
6 28
40 98
106 49
59 60
104 124
70 44
114 16
50 30
19 31
116 8
106 52
71 122
8 17
125 71
125 120
112 87
12 29
39 44
33 44
19 81
58 108
92 121
75 127
4 53
101 53
73 81
124 80
36 66
90 20
52 19
70 11
114 87
119 119
59 50
117 120
125 125
97 122
65 52
10 51
19 18
35 126
101 85
79 28
7 92
62 28
38 115
65 54
15 81
29 102
116 19
36 19
8 67
114 120
116 66
13 21
118 77
9 15
82 68
127 98
36 126
90 107
47 49
32 38
120 76
97 113
6 107
11 26
12 25
34 24
102 32
121 35
91 20
44 53
74 88
44 117
96 85
98 90
116 116
20 18
126 40
46 14
24 12
0 76
23 28
5 23
10 123
45 5
20 3
94 98
69 13
115 107
39 20
126 121
90 61
11 0
101 63
7 27
4 82
39 45
75 59
123 29
96 69
7 4
64 41
24 85
46 27
4 109
58 90
49 49
41 13
101 48
44 4
18 111
124 55
23 23
82 83
11 69
73 0
74 117
78 73
22 53
3 68
40 84
115 97
47 90
35 73
29 122
26 109
35 105
123 29
61 24
55 43
33 105
16 104
104 34
53 43
115 5
58 117
125 117
58 89
20 62
12 117
76 38
81 127
54 44
113 61
115 109
10 43
17 92
121 72
42 111
88 82
125 118
78 84
61 31
20 122
93 121
47 13
100 24
14 42
2 12
50 19
2 52
4 109
107 34
62 94
26 57
121 67
39 117
105 90
78 42
25 102
112 0
33 4
90 126
40 58
81 72
101 22
14 92
111 87
20 122
65 82
72 41
46 39
116 10
29 53
54 96
105 48
32 125
28 7
31 115
13 7
52 19
108 89
109 36
111 60
19 89
111 63
123 96
4 93
115 50
35 73
15 58
64 17
1 77
69 66
57 61
20 67
22 11
34 123
57 84
104 104
38 53
14 55
110 110
118 20
116 94
31 95
18 61
68 94
125 111
21 25
109 116
74 121
44 57
97 121
71 83
127 107
119 123
95 21
103 45
0 46
64 55
66 54
105 36
111 120
35 74
47 9
124 81
78 89
106 71
105 40
90 101
11 41
36 20
60 73
83 87
99 51
107 108
20 30
100 40
69 4
38 116
123 15
32 38
5 107
47 95
101 31
74 76
1 83
50 127
108 19
3 66
39 117
48 4
2 100
34 22
82 66
28 124
92 84
96 25
105 88
55 20
36 54
20 41
68 3
34 75
56 111
63 8
65 68
47 102
82 87
89 57
60 19
12 4
108 17
123 70
85 101
107 110
58 90
34 16
115 42
102 112
88 92
61 65
42 122
88 120
98 2
97 94
75 99
40 87
73 113
104 65
30 69
39 126
100 30
63 14
91 92
23 57
62 24
53 75
10 63
121 39
4 46
89 22
6 110
77 5
18 52
57 27
103 70
77 36
123 29
73 40
14 59
41 60
41 18
31 65
91 5
101 50
97 24
29 72
105 93
111 92
48 81
108 117
124 0
59 6
124 11
75 86
39 105
52 112
61 123
21 71
38 73
63 113
95 32
25 81
117 80
93 111
124 16
30 79
75 65
41 125
112 98
1 101
8 21
2 64
74 121
8 23
0 26
35 125
81 90
65 110
57 1
34 120
70 48
9 65
34 79
120 0
2 33
63 3
28 48
69 7
87 73
46 37
60 0
115 99
84 64
84 8
44 20
7 31
126 71
27 11
69 119
73 10
90 57
23 106
109 3
106 48
125 101
84 38
32 82
73 107
44 62
69 33
7 32
29 108
121 80
21 79
127 41
52 59
94 52
6 78
61 84
10 79
115 57
15 33
77 17
117 65
53 0
62 82
10 109
114 60
77 18
82 77
10 43
48 94
18 26
82 109
69 122
66 71
45 69
25 44
115 10
75 117
47 124
84 108
127 62
66 16
38 60
6 83
121 123
86 104
111 57
71 120
2 118
96 26
4 71
89 111
21 57
122 114
9 46
40 2
104 66
65 118
40 65
11 78
32 41
24 121
7 40
72 23
113 111
56 37
76 124
32 0
75 12
29 18
35 71
22 107
83 117
123 50
78 86
44 3
100 84
27 30
3 18
73 72
5 92
16 36
78 54
41 11
78 101
120 108
69 54
116 51
95 67
116 91
44 46
66 50
16 70
16 58
31 28
30 42
88 34
93 37
17 19
117 93
0 127
96 74
33 43
9 29
111 53
44 33
126 56
99 114
115 22
126 25
48 81
111 41
63 22
38 27
84 72
67 91
79 68
64 29
1 115
74 24
39 115
36 21
72 39
33 1
101 30
87 99
33 108
37 92
32 121
56 49
99 49
27 46
47 112
109 81
64 115
53 54
16 20
57 70
7 3
111 28
55 53
22 29
71 11
16 104
57 50
119 83
11 108
81 15
44 124
110 62
110 68
83 0
55 91
123 94
18 32
87 124
12 118
56 121
71 98
52 119
116 95
99 1
64 99
117 31
0 43
14 58
44 27
55 33
28 8
95 27
113 19
101 70
68 89
71 91
43 50
74 95
70 79
22 83
20 19
87 114
16 8
22 51
7 56
74 99
97 19
88 67
100 122
1 122
96 0
43 119
51 73
19 116
6 72
90 42
82 41
127 80
97 120
37 52
78 32
44 116
17 18
125 72
104 82
53 116
44 73
88 106
112 96
91 119
124 39
127 100
97 24
125 23
6 10
41 26
85 1
104 121
66 43
94 12
80 80
38 121
20 10
40 6
118 30
20 37
83 127
29 30
80 87
38 81
43 41
92 40
16 60
26 121
122 8
27 35
26 59
12 54
36 111
74 83
85 108
121 93
48 11
124 62
6 49
103 110
77 56
79 63
61 105
72 127
23 28
104 118
71 84
44 25
89 12
63 114
42 8
41 2
22 122
67 15
50 62
124 25
37 110
18 95
2 75
78 34
34 108
64 26
26 94
27 4
10 98
117 28
67 52
117 13
16 88
11 92
76 6
59 8
50 96
61 98
87 82
76 112
20 127
104 27
103 120
29 82
7 41
63 124
115 126
64 19
108 24
94 95
15 24
74 113
106 113
22 9
0 117
61 74
103 84
42 68
9 108
80 36
44 121
40 55
75 79
52 72
49 71
113 9
22 117
7 27
74 119
26 75
101 1
47 75
79 103
66 88
59 97
85 9
116 84
32 20
121 122
32 114
35 70
99 80
61 25
100 78
103 38
111 113
98 62
95 63
25 35
97 114
125 107
53 91
50 59
40 113
57 3
68 87
99 118
102 13
74 6
85 116
92 2
13 79
12 94
17 79
71 93
29 43
69 78
31 58
42 91
60 65
123 40
72 10
55 98
106 104
51 53
0 40
2 74
105 3
118 33
64 2
102 84
2 1
19 29
86 73
16 100
3 125
123 34
50 100
3 97
27 61
111 47
5 37
11 124
31 105
31 106
108 102
18 47
8 77
56 97
2 11
40 1
19 37
45 68
90 60
39 92
59 40
39 102
72 127
25 23
81 83
69 27
79 17
61 73
29 17
42 77
35 24
9 57
85 112
54 116
23 62
78 67
28 125
113 8
67 123
42 9
51 127
106 127
74 9
59 58
77 100
83 120
40 69
48 73
70 53
49 86
59 84
53 110
93 102
61 42
94 18
5 15
104 21
3 113
27 22
127 124
62 46
53 64
17 114
73 11
32 5
14 51
23 95
81 63
121 21
8 24
92 0
49 99
49 124
8 95
16 119
87 112
72 87
71 78
41 16
87 45
81 123
94 67
117 127
49 12
113 44
60 94
41 52
21 24
72 113
37 2
68 0
42 73
43 3
9 100
90 48
51 79
95 111
122 79
73 19
101 99
102 127
98 102
83 96
117 4
57 86
12 77
41 73
121 73
120 52
127 15
116 31
5 86
56 9
120 65
20 112
7 4
69 91
70 107
83 50
103 51
91 54
107 22
72 87
98 26
32 114
81 11
75 15
90 9
30 105
59 105
115 110
81 54
95 91
27 98
48 64
36 35
1 104
45 1
14 9
108 22
59 80
91 28
51 18
100 89
48 9
23 116
124 85
98 113
63 43
25 81
127 25
21 46
43 110
23 116
54 92
26 1
76 114
114 113
53 96
21 124
66 81
113 21
67 74
122 11
37 76
55 57
120 99
115 28
11 112
63 117
57 53
58 112
98 52
23 127
97 44
79 50
35 15
47 95
30 106
105 49
66 56
23 100
24 8
22 27
61 72
6 114
112 31
118 44
8 14
103 81
1 122
101 114
120 73
114 55
88 124
74 65
94 26
70 91
74 58
53 26
10 97
93 82
48 103
3 1
11 99
113 71
2 28
79 7
96 94
101 23
78 87
121 104
24 90
116 113
122 21
36 83
17 41
102 34
125 63
114 59
49 34
54 42
111 125
127 10
72 99
76 35
81 97
102 9
19 78
124 54
111 110
117 24
78 74
65 69
114 86
58 7
5 42
73 60
15 94
33 7
64 114
75 73
20 70
21 76
109 119
52 116
21 118
81 59
126 66
54 127
41 69
101 51
26 1
22 8
117 86
32 48
75 104
112 102
3 13
97 121
96 79
23 50
12 33
68 89
19 9
55 65
16 26
64 63
26 7
92 88
107 14
43 73
36 69
53 18
26 76
78 94
35 40
57 82
12 74
120 79
24 65
108 97
40 53
68 13
104 28
125 8
66 48
124 25
20 107
65 58
75 73
9 39
79 54
99 46
44 35
118 95
51 80
34 58
92 73
76 121
72 23
19 102
78 10
125 38
107 100
65 17
124 5
40 87
38 28
75 13
47 22
7 74
32 34
124 20
10 72
1 35
62 94
49 4
5 71
30 37
1 122
123 25
18 29
97 78
70 114
83 80
54 21
49 24
9 40
34 4
42 77
43 9
19 5
10 21
89 65
98 44
47 12
104 72
22 14
75 80
122 33
66 24
41 54
93 50
31 33
38 29
40 111
89 78
87 62
8 113
2 49
12 110
89 80
80 3
114 57
101 71
79 85
24 98
20 39
10 47
66 68
48 44
79 58
22 54
65 116
119 60
69 107
46 96
28 32
70 31
57 107
123 97
21 71
31 100
31 0
101 58
35 5
87 17
122 59
69 10
104 38
36 107
65 104
96 81
111 35
98 119
67 112
106 63
1 63
113 75
71 22
75 83
77 90
56 34
110 44
9 2
57 127
11 68
68 49
42 67
98 55
71 8
103 110
56 126
15 60
53 7
53 71
101 36
90 105
26 95
91 60
22 88
58 115
68 0
94 5
56 95
20 95
41 23
39 110
86 4
71 86
23 1
98 6
54 88
62 26
21 103
118 55
125 126
108 25
69 32
102 109
43 63
90 82
42 92
110 14
112 86
96 78
116 56
31 91
25 91
117 2
95 32
47 12
105 90
64 108
94 79
77 28
99 101
26 120
95 64
16 12
88 127
110 31
27 107
73 71
81 26
127 43
120 34
66 75
59 49
80 124
116 59
57 85
63 47
85 73
102 22
79 104
7 7
39 26
35 47
6 79
7 121
75 71
57 102
59 11
42 49
79 29
80 48
13 114
80 71
18 31
32 91
19 102
89 2
87 1
127 88
43 47
120 31
45 7
29 88
9 26
120 44
74 50
43 85
98 108
43 58
42 15
118 58
51 12
6 46
0 78
98 6
87 46
65 34
37 13
40 117
71 63
125 92
98 46
86 126
103 111
47 39
51 42
19 7
32 54
12 59
27 107
46 126
48 66
67 8
58 20
44 112
118 75
119 8
77 37
125 98
4 72
74 8
78 33
83 8
23 34
48 118
33 124
59 26
79 68
117 79
15 19
21 23
103 118
42 56
59 74
124 8
121 77
100 9
10 39
115 62
102 58
16 120
23 78
36 8
87 74
23 78
105 21
58 95
52 21
55 34
75 101
13 4
45 79
43 101
40 11
21 27
78 98
81 98
56 94
28 53
39 101
120 10
10 66
123 12
102 24
3 55
83 106
124 84
117 71
106 79
64 0
47 45
14 52
27 24
14 41
21 99
64 45
50 30
39 52
107 42
27 123
65 25
125 83
105 31
82 113
81 116
117 26
114 26
19 101
12 98
27 70
120 16
39 114
85 93
27 27
80 94
70 110
1 16
113 99
6 117
46 3
102 82
78 108
87 57
44 96
54 92
85 90
24 110
65 45
112 74
72 22
124 106
24 58
127 53
22 81
109 109
61 6
31 83
28 1
8 34
47 63
68 55
93 25
10 85
124 40
66 6
24 30
95 100
72 97
123 110
76 100
123 114
41 22
62 47
62 24
94 47
109 67
1 71
75 63
97 99
37 83
34 54
118 0
33 101
96 28
103 80
119 112
123 59
62 30
104 85
61 99
37 76
113 104
108 0
36 39
79 20
41 19
39 33
121 108
58 7
119 108
14 36
107 123
98 104
0 108
2 79
83 11
9 54
77 58
96 8
74 67
97 4
54 68
0 122
119 6
3 47
52 30
32 19
14 45
67 88
2 63
73 117
30 98
125 38
25 69
75 37
0 23
93 19
99 112
107 73
87 115
71 39
90 107
108 119
120 52
55 78
125 39
65 42
23 39
5 100
65 84
80 65
16 69
97 54
86 90
19 38
61 113
29 90
32 17
100 0
39 45
19 57
81 7
109 124
82 28
46 91
8 48
71 73
11 85
88 108
113 47
74 2
99 81
7 31
65 34
122 108
19 46
125 68
35 62
6 63
50 116
75 106
103 34
110 98
59 68
14 9
8 95
70 81
21 39
101 13
39 91
105 98
99 27
108 30
48 117
72 54
122 96
43 37
28 34
13 22
83 90
59 84
21 121
15 39
97 63
83 92
44 57
52 91
54 17
107 97
89 26
114 46
69 52
55 18
125 70
34 30
94 52
60 17
73 45
32 56
45 30
62 25
73 105
89 97
35 125
76 66
5 20
17 57
85 46
123 78
101 35
65 110
86 28
42 94
16 69
1 63
94 91
55 108
51 0
40 45
18 92
79 62
116 95
86 7
32 34
50 92
100 98
89 107
71 116
89 64
22 111
55 124
27 15
2 117
12 99
8 28
70 85
31 17
44 34
109 75
9 49
123 4
83 93
91 32
69 76
119 30
74 53
45 123
79 104
42 122
13 26
41 93
3 87
97 69
67 45
34 64
88 73
114 78
25 64
39 12
66 4
23 116
14 56
111 1
53 4
55 108
55 115
60 29
62 28
91 34
18 17
101 120
45 48
42 89
36 10
25 66
93 110
46 101
79 33
115 48
27 27
39 18
119 15
7 16
108 12
35 61
16 42
103 60
98 81
112 124
108 10
58 106
127 39
100 72
61 94
69 5
28 69
124 106
100 84
45 118
3 28
77 115
60 79
63 21
56 105
106 70
122 92
125 124
8 41
124 86
36 113
18 86
112 76
29 23
118 86
80 3
28 84
73 46
20 4
111 34
103 103
10 91
107 15
70 95
50 68
20 58
51 44
111 4
122 103
21 69
31 121
10 27
29 118
77 42
94 53
19 86
124 76
18 12
5 43
23 113
76 89
54 35
106 78
112 117
24 15
54 39
109 121
99 101
30 3
70 40
59 99
1 36
29 120
103 54
74 27
66 70
77 109
80 1
10 16
48 22
109 94
88 47
98 89
1 117
120 0
116 98
122 121
32 57
16 109
76 93
94 42
22 123
104 76
65 14
125 100
104 3
26 91
78 45
74 105
38 48
44 84
2 113
83 17
57 31
98 38
27 70
18 120
67 70
71 127
109 105
124 46
45 63
21 101
78 100
42 49
9 98
52 103
0 17
66 85
14 28
114 34
126 114
76 126
7 59
15 30
22 97
85 119
13 61
0 4
74 82
119 88
9 47
91 72
30 91
10 77
90 23
77 15
67 47
39 106
25 48
74 120
68 122
117 6
106 97
111 101
91 37
44 78
33 34
87 70
50 98
117 44
69 93
28 117
58 25
62 106
31 71
24 65
80 44
106 97
115 38
96 43
41 83
90 121
40 72
14 10
32 120
38 31
109 65
97 42
30 65
82 81
24 30
70 14
1 109
102 28
38 87
100 19
27 104
100 56
111 43
94 70
64 125
0 34
69 71
71 69
74 25
102 48
26 45
40 96
92 99
34 95
37 57
24 26
124 118
97 7
50 42
33 24
79 127
15 5
54 23
1 35
64 16
85 62
90 122
116 12
29 115
118 48
5 72
106 33
49 82
65 29
117 1
98 100
63 44
106 79
41 8
101 87
103 64
22 56
9 0
26 75
68 61
19 75
103 127
50 119
33 64
55 8
13 102
81 0
104 63
106 64
104 0
5 7
54 11
72 87
55 53
103 12
11 14
24 26
49 103
50 38
101 25
6 29
109 49
94 47
114 20
101 123
95 114
31 16
102 102
62 71
9 90
62 23
65 121
65 2
116 29
79 76
97 90
16 9
17 126
123 32
31 93
121 19
98 18
58 1
60 23
57 126
65 66
26 94
83 28
106 108
15 51
42 36
57 41
77 43
108 93
115 101
14 43
103 90
61 101
6 13
61 42
52 28
1 96
126 25
81 92
89 103
45 20
123 44
69 26
119 14
56 117
76 80
84 65
84 16
11 47
93 48
70 91
98 53
24 21
112 99
46 19
21 39
44 110
101 26
36 15
63 62
92 39
53 27
63 0
37 14
16 31
5 80
16 95
99 124
98 127
39 99
31 60
102 17
73 74
90 59
15 30
82 37
7 59
89 66
120 105
12 97
26 114
6 99
5 13
101 16
118 118
31 30
38 113
111 10
88 73
59 31
88 60
59 45
28 10
90 23
69 105
99 77
65 49
41 49
48 94
77 97
47 44
58 84
113 93
73 84
33 68
81 81
0 82
31 5
81 122
46 111
110 101
109 98
12 66
101 28
33 27
92 60
12 98
31 62
32 26
120 75
54 15
82 0
61 114
87 83
57 66
76 96
86 22
29 93
66 26
102 10
125 10
24 44
114 10
22 105
119 109
124 18
41 125
126 89
58 67
20 92
90 53
80 64
70 110
20 19
9 97
33 50
120 27
89 119
117 42
21 20
100 35
46 87
57 102
81 105
121 30
117 56
15 20
59 2
47 39
29 4
20 103
107 74
21 117
16 41
76 122
117 111
110 83
4 31
25 76
71 39
41 44
16 35
109 88
4 5
113 65
11 60
98 47
35 88
61 72
58 60
125 21
40 84
8 113
66 64
46 92
5 45
19 18
4 103
39 47
45 20
61 75
31 99
39 116
60 13
18 21
94 31
114 23
115 67
111 90
112 42
24 27
51 71
55 107
56 6
53 53
103 97
115 85
45 127
87 70
35 45
38 126
88 86
54 37
67 118
59 37
70 115
81 77
75 119
54 84
106 12
99 82
49 41
8 70
94 103
24 20
88 91
113 118
123 92
36 39
3 1
39 67
31 127
97 6
104 17
118 23
84 21
66 62
44 69
108 3
92 29
27 84
95 58
94 100
29 36
37 93
111 60
29 67
111 83
122 76
1 78
67 117
105 31
90 10
42 9
63 121
48 102
31 10
69 46
75 101
54 23
27 90
30 27
23 63
21 88
54 21
126 49
78 84
123 120
102 9
46 23
90 93
34 14
56 47
34 118
116 38
101 65
30 106
52 48
121 15
79 53
78 25
7 63
85 86
83 103
86 91
62 80
110 34
52 99
71 76
69 107
14 81
113 14
42 52
35 20
93 55
112 8
72 83
81 105
122 41
88 77
94 121
2 68
55 30
66 37
109 3
111 62
13 28
108 115
66 71
31 53
46 77
68 64
47 114
40 20
102 68
124 41
41 85
10 101
3 72
21 20
36 91
81 60
24 126
102 98
76 38
124 34
117 66
40 46
69 92
13 11
108 42
20 23
43 26
90 0
107 78
127 23
118 66
34 93
57 114
96 4
38 5
5 18
99 90
104 112
49 42
39 106
4 57
42 3
116 13
56 25
62 20
69 24
76 68
9 31
36 17
14 32
127 114
74 84
91 99
103 87
49 88
102 107
99 62
48 72
21 49
98 19
23 127
121 122
67 42
119 67
67 51
108 19
90 124
61 104
99 105
122 21
0 124
7 118
0 121
106 68
68 31
39 94
1 66
94 15
52 125
36 116
92 43
85 53
118 122
13 88
106 31
27 81
9 66
83 126
45 89
61 36
75 58
92 9
117 47
19 88
4 88
5 12
22 47
64 19
106 53
117 60
127 41
42 3
111 120
40 102
125 83
110 122
101 75
111 28
51 27
86 6
30 86
3 49
116 58
64 3
45 10
100 28
16 48
89 35
37 54
38 98
55 5
30 92
32 92
41 94
57 47
1 13
16 76
3 49
126 68
54 68
115 119
56 63
98 60
110 32
32 80
71 69
82 21
79 0
91 42
15 99
104 64
68 82
49 103
73 118
36 88
33 90
82 8
100 79
37 45
99 31
41 118
1 31
50 7
22 98
120 12
6 25
38 53
96 0
125 105
79 69
43 36
90 57
14 81
3 72
84 17
70 102
87 119
87 5
113 123
76 12
104 49
113 113
32 36
74 29
46 20
105 64
75 39
119 113
122 2
49 95
32 107
58 21
21 48
27 21
27 19
59 67
64 15
112 94
64 93
37 21
120 23
111 109
48 102
105 90
50 4
102 113
127 1
77 83
91 69
98 72
45 106
71 87
80 84
127 80
107 2
5 98
101 126
59 126
91 11
9 72
8 70
74 75
1 56
110 8
109 44
112 116
35 115
97 31
55 126
61 75
10 72
87 6
92 42
73 48
14 124
23 25
52 106
12 85
95 108
50 79
28 67
77 84
66 45
74 41
104 43
74 119
37 89
114 39
15 86
96 103
17 1
52 113
93 94
17 60
70 100
42 68
69 120
17 1
74 126
74 37
43 12
99 1
116 92
43 98
126 29
99 81
111 120
116 13
3 67
29 43
66 39
67 61
9 36
127 69
58 91
17 33
7 4
109 18
16 6
69 100
113 110
13 69
73 64
113 89
78 48
53 96
118 6
24 121
68 1
48 125
69 37
111 9
93 75
85 18
121 66
22 113
117 67
98 69
71 54
33 75
121 61
16 21
126 93
5 86
88 10
123 60
57 85
104 24
55 83
25 79
34 114
15 119
90 67
58 40
13 121
103 69
107 9
55 120
20 110
82 92
57 114
118 69
57 3
78 18
8 73
99 30
91 27
51 38
88 126
11 18
60 114
85 25
21 1
67 44
8 59
48 125
60 31
122 121
126 40
77 99
46 67
57 83
73 72
68 114
111 126
111 74
108 116
117 6
69 40
31 72
20 125
27 43
43 55
99 91
91 56
19 72
68 25
124 69
82 98
116 30
65 19
126 118
5 23
27 10
126 67
114 51
83 88
127 20
6 36
105 2
112 121
69 92
92 59
83 74
79 90
36 104
56 52
112 94
37 92
60 105
18 122
50 118
104 40
51 41
127 45
111 111
61 127
73 44
59 119
85 28
32 108
27 38
18 0
6 40
54 109
58 41
91 88
68 112
104 4
126 108
39 1
95 111
19 90
107 115
67 94
33 70
89 62
94 103
20 105
53 39
3 82
24 45
72 24
81 108
71 20
124 111
120 95
4 104
27 94
71 22
42 71
6 14
66 15
62 17
84 103
26 104
46 11
123 81
65 31
48 49
15 53
116 4
117 117
119 112
68 35
102 25
97 7
75 52
106 98
87 75
23 51
127 32
88 115
85 26
35 35
23 2
37 13
113 23
53 90
66 45
16 116
1 67
12 1
123 54
123 16
109 105
65 40
47 15
42 88
92 22
29 82
5 35
73 50
25 51
62 13
23 41
23 91
12 61
16 115
91 109
24 43
70 62
43 32
120 116
123 65
103 15
100 8
54 27
108 77
60 67
13 49
92 9
64 54
83 57
55 3
35 22
79 111
67 90
86 91
67 21
36 7
123 60
28 66
94 86
89 24
64 93
122 99
75 105
123 81
111 9
64 53
71 111
57 93
70 106
36 31
32 10
3 96
0 96
109 111
110 103
117 105
14 96
29 125
96 96
103 100
5 5
108 97
9 6
71 88
6 76
33 18
35 118
102 2
80 52
9 116
86 100
0 73
24 119
103 52
47 54
127 94
64 58
119 14
19 34
27 67
61 117
90 51
9 118
88 24
19 111
71 114
124 72
75 88
59 58
75 13
101 25
39 110
121 79
34 63
18 120
63 6
17 28
111 1
127 118
61 38
103 116
72 42
122 91
127 31
74 1
34 8
46 78
49 69
67 32
30 119
30 81
107 17
32 117
126 60
89 46
10 68
79 86
48 112
126 117
115 27
57 113
99 75
0 119
24 37
74 6
63 54
37 65
117 54
37 46
34 48
10 113
6 96
112 97
11 35
40 111
33 17
98 66
92 47
70 24
112 58
50 7
12 45
33 76
73 127
15 46
8 74
28 66
117 38
24 28
47 35
38 53
27 80
49 122
31 84
53 121
80 75
25 84
11 53
47 50
85 51
22 79
15 103
108 102
30 72
120 8
102 81
90 77
0 32
49 87
14 53
122 24
69 85
72 59
65 58
97 0
64 62
31 0
34 127
44 89
127 77
82 58
5 39
115 38
41 71
86 106
71 9
48 19
68 48
82 94
5 101
50 24
106 40
96 8
50 15
99 119
23 10
22 26
55 2
26 24
9 97
81 117
48 26
44 41
22 16
123 28
108 15
104 124
84 76
29 47
121 36
99 2
92 9
80 122
41 89
93 26
89 0
69 77
38 37
125 3
75 50
56 19
119 12
92 57
110 57
76 73
25 24
57 63
8 98
126 31
104 10
2 115
108 18
27 114
114 88
33 94
4 19
7 123
80 106
51 3
78 27
73 51
4 65
45 108
61 114
47 60
21 50
34 18
103 111
12 45
6 97
73 64
22 117
25 25
88 100
29 50
36 12
65 48
7 11
10 68
122 118
39 44
20 52
88 46
90 28
62 9
123 113
67 77
32 22
56 45
4 41
89 63
76 110
70 127
11 1
105 66
123 103
3 33
119 74
11 13
122 49
55 43
14 99
125 81
6 28
43 126
25 70
121 111
50 39
73 26
4 89
79 18
106 35
34 77
78 89
55 14
11 109
114 79
73 94
20 101
106 18
87 71
108 67
83 38
102 7
54 83
0 52
108 60
75 103
59 73
60 34
31 95
81 9
117 67
53 33
46 34
27 91
94 82
38 104
55 11
24 87
51 92
40 119
62 2
38 27
78 8
82 86
24 62
124 61
7 25
92 102
104 10
10 98
56 61
60 126
28 19
76 109
93 43
111 34
89 116
98 86
19 127
48 120
80 56
40 97
108 21
32 26
117 7
77 67
46 34
29 95
29 65
88 115
39 61
113 30
74 36
2 86
71 109
70 115
78 108
110 115
58 89
0 123
102 78
121 65
76 55
95 8
118 110
26 57
96 22
28 119
96 35
12 9
30 38
125 25
32 72
48 116
63 113
86 105
4 66
5 66
89 32
38 66
25 110
5 117
23 65
71 4
66 37
107 59
3 79
46 4
99 79
66 26
9 122
118 82
32 108
16 92
59 63
97 43
6 75
68 5
81 21
103 123
48 22
13 46
100 110
24 52
49 45
108 82
61 33
21 45
88 76
61 25
34 83
44 66
41 73
41 75
61 120
2 60
10 10
59 101
95 73
22 81
124 125
100 7
8 58
127 44
25 76
93 40
0 123
95 49
44 82
121 79
18 111
65 26
101 75
125 18
125 13
7 5
55 31
8 79
114 77
60 84
44 54
12 8
86 30
84 58
113 112
117 57
34 45
77 12
100 11
11 2
99 81
125 101
99 41
97 22
7 54
63 1
112 20
87 27
21 125
40 9
43 40
26 112
7 51
56 114
69 34
73 53
107 48
54 7
50 63
61 6
1 94
42 71
86 43
119 89
44 25
80 3
54 25
67 106
64 13
21 86
34 5
75 25
126 63
25 80
101 92
14 96
11 19
86 19
12 12
10 112
92 39
38 22
110 29
58 127
39 61
2 119
52 69
25 88
34 42
112 32
17 10
51 29
107 5
16 93
29 109
47 122
124 8
60 109
11 111
63 48
95 117
96 41
123 59
89 52
122 89
22 3
19 43
65 78
16 17
3 77
38 113
85 89
23 115
57 48
84 10
98 10
3 88
75 41
27 49
71 33
101 30
79 72
65 42
5 76
3 9
31 12
37 70
127 70
94 78
75 115
6 1
83 114
67 31
38 48
64 46
60 106
52 126
87 67
79 38
17 30
83 91
118 24
30 41
87 37
2 22
101 124
77 61
82 82
63 86
88 24
126 16
43 60
21 43
103 115
38 115
93 13
86 14
116 52
6 110
26 111
108 104
25 54
93 41
1 0
90 6
92 10
90 39
112 9
15 16
18 76
76 53
121 94
44 61
114 67
42 108
18 1
105 115
84 98
28 78
103 117
105 61
104 32
109 125
51 13
45 53
1 104
54 115
116 65
53 6
40 82
79 10
102 42
91 105
116 57
8 82
123 30
1 29
94 69
112 109
18 16
123 56
96 126
63 38
29 64
88 52
30 125
60 29
41 30
97 16
117 106
101 60
67 116
118 48
98 29
20 126
81 44
52 25
3 41
120 45
78 90
8 99
42 44
32 22
94 14
125 105
35 98
10 103
53 113
90 121
15 13
14 17
72 15
0 32
72 94
56 115
65 47
104 120
110 116
103 37
93 32
19 83
89 117
34 55
43 12
1 6
113 13
15 98
91 26
41 105
40 103
24 80
64 89
73 116
119 79
22 115
124 121
19 80
86 124
103 91
96 12
6 60
103 69
111 53
85 79
75 127
74 112
107 15
61 113
119 20
62 52
41 105
109 91
67 115
24 77
26 78
1 49
47 3
29 55
86 79
56 38
44 79
37 11
76 35
54 94
41 78
0 85
49 127
29 64
87 83
90 36
31 43
45 2
95 72
111 57
94 51
106 27
24 19
81 109
127 72
41 80
67 105
63 63
60 47
9 8
124 0
9 85
63 45
126 10
37 112
107 102
107 28
76 3
77 61
26 99
90 82
50 120
18 83
55 6
108 62
50 25
9 0
100 120
105 4
117 89
10 90
9 70
86 104
116 64
21 102
109 122
22 25
27 43
101 65
118 104
116 118
28 35
34 117
32 86
12 43
53 38
42 77
78 50
110 120
86 57
35 82
103 47
108 6
100 50
120 120
83 18
24 90
57 29
39 28
57 86
113 51
59 118
119 20
102 18
38 7
19 21
58 30
27 21
10 63
30 36
67 123
86 79
42 122
44 5
22 23
84 106
40 68
91 20
20 81
102 69
23 46
31 21
3 81
32 76
109 82
23 120
124 53
75 93
103 53
127 21
123 74
60 64
57 87
66 99
120 37
14 15
62 121
2 73
1 10
103 11
77 121
26 95
107 110
104 81
26 127
19 95
57 19
66 21
118 24
44 91
27 15
122 108
95 72
22 110
51 97
105 53
66 94
41 98
71 73
49 41
9 29
105 57
122 7
20 8
119 50
91 114
34 108
41 125
61 73
63 65
17 79
99 14
16 67
80 79
43 121
53 13
92 122
28 116
100 3
120 50
123 15
38 68
89 111
64 77
10 67
117 104
103 10
50 111
70 74
78 117
82 11
9 94
23 120
31 85
6 113
25 15
9 85
57 40
122 98
2 118
7 106
12 47
3 127
111 2
29 93
71 94
26 70
105 44
98 124
45 54
41 99
92 38
124 85
61 87
21 93
50 31
103 70
73 33
37 68
43 116
67 82
75 48
107 54
73 81
86 79
81 44
85 96
47 66
49 102
42 8
33 127
26 44
49 36
106 72
93 59
16 66
2 54
106 82
85 18
117 60
71 39
106 125
98 109
95 80
0 116
127 114
34 78
102 105
39 93
73 33
113 124
23 52
80 69
71 56
99 104
2 123
12 24
74 52
111 108
71 38
92 39
56 1
17 106
115 39
55 12
67 73
90 15
105 118
118 47
109 97
107 124
23 50
50 67
115 45
122 29
98 15
117 3
100 79
34 6
116 80
126 31
13 14
76 34
33 62
62 21
21 38
47 17
94 125
32 84
107 33
38 43
94 87
8 25
46 58
18 26
62 120
43 63
17 30
125 11
18 38
101 2
65 99
83 86
68 113
40 62
122 78
70 32
31 104
125 123
84 62
100 9
100 15
110 16
114 74
68 60
123 78
26 116
42 63
124 110
124 17
13 29
2 63
2 44
76 57
70 12
126 76
126 2
71 58
95 92
83 34
72 88
73 46
51 24
75 2
99 21
108 47
32 56
64 54
62 22
12 64
111 7
87 77
107 114
41 32
87 99
87 14
49 63
8 16
95 39
60 104
36 25
36 107
117 73
109 47
115 6
114 91
36 22
108 103
85 113
89 44
100 14
89 118
108 83
90 53
20 31
49 56
56 58
93 70
71 40
116 34
51 65
63 79
81 53
51 89
94 14
26 40
77 49
56 51
77 18
105 68
13 64
9 66
27 118
78 95
74 22
62 117
18 73
116 90
53 26
22 62
38 101
18 81
98 24
120 62
20 99
26 102
22 49
29 18
57 83
113 94
99 38
97 58
115 85
83 49
70 86
64 84
82 112
75 9
90 102
49 12
13 100
65 115
5 35
1 76
102 36
56 116
105 71
44 95
60 3
7 104
37 85
122 64
1 91
114 7
74 35
80 50
20 98
15 121
83 37
97 30
115 25
81 37
65 119
121 76
123 24
102 16
2 74
119 114
72 4
67 45
55 27
104 107
71 28
29 24
43 82
116 23
46 93
5 21
34 14
14 13
125 34
35 112
109 100
92 72
84 77
74 112
126 120
121 91
121 64
11 47
60 51
108 86
72 41
75 30
63 71
60 76
81 60
126 49
72 67
12 91
65 30
68 62
26 69
124 45
91 7
43 97
7 10
45 61
45 28
40 5
9 17
118 67
8 12
114 114
58 21
12 43
47 10
78 58
41 86
126 66
53 119
33 22
11 27
123 97
30 109
31 34
26 27
86 15
25 42
124 110
90 22
47 60
48 32
74 26
113 42
105 92
23 68
29 88
98 92
108 61
98 33
7 23
88 49
65 46
74 24
40 105
103 74
108 62
126 16
86 87
26 52
67 104
23 95
75 61
7 95
46 127
66 43
12 105
14 77
68 100
3 59
76 85
58 87
112 98
54 48
113 119
73 50
20 17
12 6
0 75
110 125
11 76
59 39
54 101
21 92
5 69
38 58
47 25
12 68
106 112
56 120
29 80
49 65
59 111
38 26
32 91
48 25
40 87
19 105
74 86
65 112
5 92
66 69
56 41
24 99
77 77
63 18
67 35
51 41
23 40
86 6
52 35
119 5
103 47
30 49
75 52
106 108
36 124
25 108
13 65
116 73
88 8
87 109
47 59
112 37
25 18
122 102
60 71
122 96
69 62
55 18
30 78
22 31
60 124
61 42
125 88
36 13
43 122
69 60
75 84
102 110
82 16
55 115
117 9
16 84
23 30
105 77
78 57
27 67
44 87
93 112
5 0
92 62
3 47
40 1
23 75
56 89
40 78
97 63
80 68
45 8
34 36
58 65
5 44
46 93
113 111
96 35
57 71
5 99
20 34
26 102
25 29
112 89
44 21
34 32
92 59
18 3
44 55
60 99
60 24
5 6
124 42
28 37
75 54
13 50
93 78
43 28
120 64
23 48
83 107
70 68
36 90
8 107
26 45
0 80
99 68
33 66
22 116
114 118
41 108
85 97
66 22
44 73
120 127
27 97
85 66
26 26
22 119
7 38
46 122
47 123
45 125
122 118
91 83
116 9
57 123
100 35
113 83
20 57
83 123
107 71
101 60
37 4
107 100
50 54
77 122
0 94
100 120
19 91
20 18
97 73
38 101
53 55
76 84
50 92
65 58
92 105
9 19
46 99
105 46
25 34
77 29
2 99
6 37
2 49
61 92
101 17
49 69
44 78
78 84
2 71
105 31
119 40
60 116
88 79
5 100
37 15
92 14
89 46
101 0
121 61
107 11
47 39
81 72
33 109
63 19
13 59
114 47
120 12
59 88
46 66
126 124
15 67
48 56
79 117
28 40
92 64
119 5
74 113
53 71
52 103
100 51
115 117
38 75
111 52
40 67
41 75
114 109
101 76
8 90
106 18
56 110
11 80
83 58
56 41
46 117
84 50
120 115
9 13
68 52
40 5
74 44
80 91
80 39
43 22
120 77
95 41
125 114
52 62
119 41
41 110
60 87
113 83
92 72
40 29
96 109
116 98
17 97
121 38
46 61
29 106
102 97
101 68
65 113
9 34
20 116
65 93
78 37
43 6
72 3
122 8
119 122
95 88
49 80
60 41
110 14
121 81
79 122
108 72
114 121
79 42
1 94
13 107
20 85
89 66
91 42
114 13
56 44
14 58
30 41
9 1
102 117
80 22
0 27
69 66
9 25
46 21
108 32
83 43
113 78
56 30
15 10
126 82
70 13
30 106
82 124
119 73
31 126
0 14
88 40
114 60
7 48
8 5
66 60
10 123
107 31
94 63
62 73
81 15
83 79
100 96
22 65
11 127
15 60
72 55
99 4
89 28
34 93
89 89
31 26
114 11
10 57
66 2
62 53
116 125
113 71
77 63
112 78
98 7
23 11
37 112
19 12
15 82
103 20
27 108
44 42
99 126
59 122
122 49
9 70
5 49
55 125
62 77
87 79
17 112
65 108
119 30
92 109
82 2
90 35
91 51
98 73
106 125
50 27
45 111
92 104
98 6
78 105
40 30
86 62
8 16
94 47
87 70
38 18
68 122
98 125
23 35
28 81
78 20
87 70
31 76
0 97
82 48
57 114
66 9
112 41
106 56
40 98
21 60
16 65
21 83
45 111
1 75
13 117
55 14
29 2
69 84
68 7
40 20
25 51
9 102
40 110
17 62
23 5
80 24
124 102
49 55
114 81
9 52
95 111
87 66
95 48
21 39
91 70
65 21
51 50
37 111
32 102
63 126
2 87
109 99
126 36
23 22
43 62
19 113
127 112
59 1
75 73
21 94
46 77
51 42
98 73
101 126
61 49
119 123
98 30
114 88
121 29
43 28
101 1
73 106
124 91
21 30
47 83
15 55
19 77
32 37
117 80
115 43
6 125
79 121
102 34
66 107
43 56
23 50
98 45
62 119
77 50
36 55
1 56
58 58
30 127
9 48
30 32
69 95
100 83
118 65
8 112
65 102
91 118
56 12
103 88
19 103
55 103
102 99
125 83
62 101
122 69
106 18
38 77
69 34
39 123
53 37
55 63
7 120
41 31
107 84
56 68
65 125
126 62
32 85
64 90
37 35
45 102
62 14
10 72
81 68
45 68
118 37
13 51
108 59
8 119
115 124
2 6
29 95
5 37
39 49
49 106
69 90
15 71
82 122
35 45
92 105
79 125
125 25
26 84
75 102
118 60
65 34
89 118
64 7
31 50
127 95
107 47
124 43
67 104
79 17
66 88
19 102
37 13
66 101
68 69
122 62
79 86
53 5
9 101
19 115
45 12
55 8
3 104
53 92
40 2
21 44
45 0
11 27
32 94
92 124
118 107
48 35
80 21
83 76
70 49
2 36
75 127
116 13
117 109
49 124
48 8
61 50
65 66
116 6
34 14
10 49
61 24
126 24
23 59
81 41
50 65
57 8
54 107
83 10
16 112
38 10
111 76
121 58
76 105
48 79
126 47
4 108
116 100
110 82
70 82
69 24
58 79
56 21
21 60
122 32
20 12
35 53
63 90
15 13
111 82
18 99
3 114
36 93
36 69
3 46
65 41
39 117
17 88
10 24
125 101
118 52
1 67
125 11
39 58
91 83
84 13
89 109
86 37
122 96
6 27
72 16
33 118
49 33
84 57
126 118
119 33
111 11
45 95
94 30
48 0
66 56
12 74
107 126
113 46
96 124
113 1
99 114
121 68
43 100
86 70
0 122
22 9
74 44
0 35
113 39
37 97
67 118
127 52
20 25
17 75
109 21
28 16
26 86
78 9
67 116
4 50
92 7
110 15
95 82
63 30
10 82
34 31
106 117
125 84
51 72
32 127
42 112
0 16
96 59
41 45
31 52
38 66
125 61
118 30
8 0
22 7
34 96
62 102
26 19
115 99
46 104
36 57
115 72
68 7
54 54
67 94
26 1
38 94
18 7
20 113
74 125
5 92
76 17
59 25
67 17
19 23
91 105
100 0
42 55
62 46
37 35
90 112
20 37
33 48
7 42
110 106
108 3
32 102
91 51
105 86
74 1
73 63
99 62
93 62
127 40
48 59
31 40
105 14
40 47
17 40
70 27
119 15
107 18
48 27
13 101
23 104
94 120
90 96
111 69
24 14
20 104
96 43
31 110
75 70
2 0
122 117
100 105
38 63
106 40
73 85
105 113
9 46
115 24
58 52
5 44
100 3
0 117
4 116
72 79
35 53
81 120
35 58
96 113
105 115
23 118
106 99
5 82
19 119
72 67
30 23
120 22
26 90
21 39
12 79
66 125
117 100
67 126
76 81
119 20
113 97
33 12
12 20
106 125
113 69
122 18
32 114
95 80
35 92
61 0
18 52
100 86
4 116
91 39
56 106
27 92
39 96
47 45
47 121
3 53
123 53
