24 63 20 4
0 1
0 1
0 5
1 2
1 5
2 3
2 4
2 4
2 4
2 6
3 4
3 4
3 6
4 7
4 7
5 6
5 8
5 8
5 10
6 7
6 8
6 8
7 9
7 9
8 9
8 9
8 10
8 11
9 12
9 13
10 11
10 14
10 14
10 18
11 12
11 15
11 15
12 13
12 13
12 16
13 17
13 17
14 15
14 19
14 19
15 16
15 20
15 20
15 21
16 17
16 21
16 21
16 22
16 22
17 23
18 19
18 19
19 20
20 21
21 22
21 22
22 23
22 23
1 2 2
1 10 1
1 18 2
4 9 1
4 5 2
5 17 1
5 3 1
7 6 2
10 7 2
11 16 1
14 1 2
15 0 1
16 2 2
17 19 1
17 0 2
20 23 2
20 23 1
21 15 2
21 14 1
22 5 2
